-28.4346	-165.067
-8.79068	-88.0404
0.770012	-131.676
-32.0798	-142.614
23.5573	-273.647
-3.41362	-87.3527
35.8262	-216.24
-32.5786	-224.572
36.2475	-161.865
-3.95364	-75.4957
-17.7033	-242.863
-31.7333	-103.072
34.3341	-276.565
-13.8097	-108.265
14.04	-200.389
-27.5709	-119.204
12.5857	-146.584
-19.6006	-44.3165
21.4826	-224.226
-13.3195	-188.345
27.5846	-277.568
26.9931	-208.262
1.40205	-97.9909
-21.0808	-138.805
25.792	-61.8114
25.0084	-204.612
-19.9688	-279.446
29.8808	-206.531
-21.3038	-79.6049
16.501	-62.7458
19.9904	-41.1556
34.0102	-93.7106
-4.12243	-263.68
-34.7439	-181.328
-20.7326	-265.658
-39.1277	-280.166
16.1305	-143.201
35.9079	-218.542
23.3171	-97.5497
8.16	-193.826
29.8225	-227.188
-33.3782	-39.5056
-9.77171	-229.226
20.8383	-48.088
0.227322	-192.381
27.3979	-214.239
20.5455	-189.945
-3.70686	-104.068
32.821	-136.785
-33.8359	-290.275
28.4215	-141.001
-39.8149	-139.378
-1.28445	-109.664
6.72074	-116.471
-4.28018	-45.3197
32.0528	-270.858
-8.99604	-97.0709
-30.2108	-249.131
36.9537	-118.535
33.7645	-262.573
-26.2883	-291.714
-19.732	-172.393
23.6032	-67.9648
15.2632	-37.3777
-25.8543	-94.7591
30.5533	-219.871
-12.7097	-160.782
-3.26265	-104.65
-8.37995	-227.36
15.5539	-230.35
-14.4584	-65.5068
36.3801	-248.773
24.3938	-134.217
16.1564	-288.433
17.3198	-136.96
36.9756	-101.564
30.5149	-30.3346
39.3955	-269.1
24.9435	-298.498
3.4346	-45.1781
-4.96167	-163.804
-16.3613	-192.154
-38.0946	-39.7597
26.0631	-240.88
-14.7542	-119.603
10.4179	-68.9134
-28.9132	-151.766
-26.2939	-135.69
24.3514	-36.1699
18.4534	-199.06
38.8252	-47.1034
12.3813	-88.7576
31.921	-292.43
14.3465	-200.477
-1.76669	-127.43
8.97414	-240.859
-9.85486	-180.563
32.5334	-67.7144
37.0864	-199.755
-34.1675	-259.916
13.8285	-190.275
-6.15691	-186.87
-38.9824	-100.061
-12.4539	-200.777
-19.9684	-136.938
15.9281	-53.9639
8.61023	-260.527
8.27242	-279.484
-19.3371	-103.509
-29.4473	-202.088
35.4379	-116.587
-33.5374	-44.0656
-37.3594	-124.618
1.47616	-104.582
-20.3465	-276.948
23.6932	-48.1396
36.7091	-97.4517
-11.0042	-276.454
-22.5027	-176.465
10.1699	-106.906
14.8393	-189.363
19.7529	-115.484
-17.5579	-59.2249
-22.1762	-297.205
-37.4573	-216.338
21.2877	-139.428
35.159	-228.191
37.5614	-71.6574
4.72717	-214.817
30.3943	-73.5744
-31.2145	-172.326
26.0793	-232.919
12.7028	-150.146
-37.3885	-250.942
-38.6514	-263.217
25.4682	-87.9098
36.3853	-276.213
0.283588	-129.768
35.6171	-116.27
39.9966	-238.238
16.5643	-201.299
8.6958	-160.997
-6.37185	-279.986
8.26776	-72.4418
14.9086	-149.699
14.1625	-255.939
7.65421	-117.483
25.105	-116.977
24.1815	-202.204
-34.3519	-140.565
-12.822	-298.653
-12.3953	-141.661
-27.6404	-278.975
-33.5455	-187.606
-0.498329	-95.7108
-24.7833	-136.28
25.8688	-224.679
-27.5356	-294.66
-29.1244	-62.7056
-21.4427	-227.829
-8.90352	-102.823
37.1018	-159.893
29.7753	-292.7
-14.6776	-152.496
-0.151642	-287.235
-27.7937	-208.106
-18.8486	-158.911
-31.1781	-282.82
28.4504	-272.02
0.14957	-246.946
27.4421	-270.848
-31.1951	-256.87
15.9259	-35.3424
-17.5299	-39.6163
-10.0296	-237.279
-12.8057	-200.969
36.164	-170.869
6.40491	-69.3493
-2.73602	-83.2132
38.2995	-196.62
20.8636	-83.8783
-26.6869	-232.908
-7.30068	-49.3095
8.54906	-246.708
37.7463	-220.444
-34.6612	-170.019
-5.6719	-234.789
-38.6217	-137.56
18.1717	-261.111
-27.4091	-134.133
-15.9544	-246.708
-15.9829	-86.5222
28.5951	-189.786
-8.55059	-231.894
-22.2025	-211.89
22.8575	-181.353
-7.10347	-92.1016
24.7167	-143.542
33.1178	-84.5524
14.7009	-57.9382
-13.0984	-31.2255
-38.1429	-203.805
-22.3592	-208.047
-3.13824	-130.548
-3.52704	-67.6928
9.40202	-207.009
31.1203	-228.944
10.8297	-211.103
12.7941	-80.7909
-13.6327	-217.145
2.71709	-60.1121
14.4543	-259.781
-16.5933	-200.525
-6.27843	-164.078
-36.9561	-38.7229
-7.99469	-235.023
-0.96064	-57.5661
-19.9191	-101.695
29.6067	-62.9712
13.0988	-30.8928
-34.8441	-133.588
-12.9874	-176.963
-28.6337	-129.449
-22.9546	-225.196
24.6958	-190.344
-4.93435	-124.035
9.77105	-171.076
21.3213	-31.1006
-28.6439	-68.603
9.7582	-36.8417
-24.1748	-82.9654
30.7366	-153.243
8.60144	-33.3877
-16.9406	-272.563
-22.8061	-237.301
-0.331398	-265.855
14.5116	-190.629
-12.9687	-79.7866
36.8211	-115.09
-12.6106	-33.9117
-18.7743	-183.042
27.0015	-129.716
0.30563	-182.412
36.8957	-230.316
28.4413	-275.769
33.1894	-171.129
-12.6044	-163.411
-6.4603	-50.2233
-7.9181	-154.164
36.021	-247.69
22.131	-39.7631
8.57027	-236.532
-33.3632	-225.033
14.8289	-117.967
-38.9537	-112.896
15.0207	-136.837
22.5028	-159.713
1.27209	-64.2682
-16.8182	-116.483
-22.1801	-174.539
-14.7549	-35.6935
12.7756	-220.731
6.43456	-244.109
1.44489	-177.068
-17.2199	-99.1965
-2.90562	-282.305
2.39215	-98.3532
1.49751	-180.192
17.722	-163.104
-39.8144	-293.556
5.27149	-65.7791
16.0763	-139.335
30.0921	-272.677
-28.6422	-221.037
-17.5205	-197.162
27.698	-244.358
1.46348	-92.5605
33.3615	-71.0482
-16.2941	-295.162
-6.23876	-154.011
-14.5658	-183.732
-5.66173	-292.221
-8.72563	-194.725
-17.0055	-172.848
-28.3403	-43.4879
-35.9771	-256.654
25.1202	-266.517
33.0472	-244.042
-25.5856	-67.7571
-36.3244	-39.4389
25.9254	-47.8642
-32.0623	-223.066
16.0082	-279.479
29.32	-67.5364
-22.8568	-90.2439
39.8085	-151.386
-24.3123	-115.599
5.58834	-141.088
9.84542	-47.0163
3.01943	-199.67
27.0541	-138.533
15.2136	-65.2665
34.6567	-179.967
26.3268	-63.8985
-32.0008	-94.606
26.0447	-240.097
-10.0015	-208.238
13.3431	-43.994
-10.9425	-223.668
17.1367	-227.809
38.8638	-115.571
19.299	-82.7306
-24.6003	-109.673
-17.6904	-279.101
3.4444	-135.881
29.5632	-205.503
36.467	-156.128
24.456	-188.263
-14.4295	-252.876
15.2518	-173.792
-11.5096	-199.561
29.7893	-129.146
36.0341	-83.8684
-15.3019	-177.429
36.8997	-58.382
2.2683	-183.861
34.3533	-269.626
30.1982	-252.247
34.8318	-242.716
3.80573	-35.3778
-14.5888	-247.082
23.4083	-140.55
-26.3879	-268.512
27.9918	-298.521
-15.2761	-63.1945
-13.9337	-213.074
30.6272	-168.246
24.0705	-201.867
16.481	-108.084
-15.8704	-151.249
0.280434	-293.024
-39.3505	-41.9973
34.3928	-185.898
11.3567	-180.75
34.8498	-32.2737
25.1097	-299.116
-18.5345	-59.7208
-4.53197	-229.34
-17.7931	-121.924
-12.3777	-110.749
27.7939	-246.872
-28.3434	-124.07
7.13393	-91.3091
32.1228	-94.4495
21.4901	-280.727
17.6121	-65.1227
-27.1088	-83.1678
24.697	-193.269
23.6713	-134.932
20.3433	-203.773
22.4628	-259.79
-12.8284	-222.809
17.0754	-294.256
31.6118	-158.96
-18.4198	-195.574
37.3909	-296.927
29.9802	-197.207
0.888905	-152.058
30.411	-150.967
-15.4518	-194.2
32.6509	-88.2815
-38.0841	-46.0571
-27.0063	-263.561
-0.948185	-223.766
15.3584	-164.772
6.29513	-267.5
-23.9854	-108.147
-28.8455	-281.116
39.7373	-219.097
-30.5081	-131.586
-33.7938	-72.5891
32.0704	-73.8004
38.6216	-177.424
-17.1867	-146.221
-11.3658	-284.481
38.4097	-80.5281
21.1617	-82.9843
23.3081	-251.432
-9.60231	-172.814
-32.4579	-262.095
-15.5314	-60.2081
36.6397	-204.554
-9.72985	-221.103
29.8168	-267.559
23.5084	-222.029
6.71856	-295.209
25.693	-147.391
-18.0006	-271.723
29.152	-192.601
-26.7745	-270.603
-14.502	-185.855
-5.13148	-297.292
13.1757	-297.905
0.919018	-169.31
-23.8948	-66.148
20.62	-140.307
39.5264	-112.427
-3.28424	-179.261
-25.3205	-186.722
-0.340248	-240.548
-30.89	-282.83
-21.2559	-118.634
39.4266	-48.8893
-31.3087	-44.6252
21.7018	-122.996
12.3426	-54.9467
32.8927	-82.8484
9.62161	-153.282
36.3033	-103.151
-14.5181	-134.596
-35.454	-119.525
-18.5684	-37.288
-15.6803	-120.955
-5.62873	-226.255
37.0312	-74.3951
-4.81304	-249.726
-0.34053	-175.865
23.3635	-247.867
23.7566	-160.545
7.32602	-239.573
-1.90571	-98.012
-39.4823	-182.439
-30.8308	-76.7261
7.17563	-45.2551
6.15518	-110.074
-21.8011	-39.2729
-19.3577	-243.721
-20.7209	-251.411
-25.9547	-175.608
-27.0523	-102.295
33.2277	-136.203
-31.3788	-214.647
-16.3067	-198.482
34.3124	-121.621
23.6205	-285.321
32.1167	-205.104
-34.6878	-259.429
-19.4522	-213.259
16.2184	-35.9818
-24.3206	-293.016
-13.0544	-70.4931
-17.9043	-151.639
32.2691	-223.294
10.4434	-273.104
15.2242	-156.901
-36.4002	-275.533
-20.3344	-87.0603
28.0416	-86.339
-30.4271	-49.9596
-12.5779	-53.3242
-22.3324	-266.947
37.0279	-64.0135
-20.5438	-247.859
-35.5993	-176.706
15.1779	-64.6435
19.765	-225.158
-22.2649	-202.967
-35.1972	-62.9308
7.85677	-165.862
5.05	-66.4129
30.2467	-163.153
-33.9786	-259.423
-28.9677	-133.396
32.1983	-145.864
35.9749	-96.4735
-30.0282	-148.894
4.61224	-38.4688
-13.3327	-162.981
-25.3893	-174.069
-38.7296	-230.7
4.30253	-219.364
10.2153	-172.164
-12.2432	-192.211
-32.7095	-95.3475
-26.4098	-177.846
-21.4593	-150.959
-8.72437	-149.031
-15.5351	-42.3901
14.8921	-241.64
-30.4375	-257.722
19.3629	-151.262
-22.1355	-65.0506
19.6295	-132.028
-27.2327	-174.57
-25.6266	-230.91
27.8353	-199.037
-27.1227	-115.817
-21.5064	-256.692
-18.4919	-179.757
-0.183357	-130.047
-12.9475	-194.41
3.02087	-212.138
33.7078	-82.3344
-15.3602	-292.173
4.03868	-42.6949
-29.733	-84.1341
8.87924	-207.924
-33.7623	-159.977
33.3186	-193.085
-36.446	-291.395
22.3269	-152.666
-39.792	-164.79
32.5859	-297.499
7.22334	-166.093
-17.0993	-143.217
-32.3382	-241.413
33.5945	-67.5946
-32.8934	-32.9796
15.8231	-216.879
-25.1504	-296.19
11.4361	-159.734
-27.6472	-87.9568
27.6486	-195.535
12.2364	-65.1343
-22.5211	-203.431
-9.73694	-53.2862
-1.83331	-123.339
-26.6647	-122.74
8.15456	-73.1823
-3.75545	-126.012
27.8059	-181.423
27.3792	-145.146
-20.3276	-268.128
25.8334	-208.736
37.3895	-294.731
-17.3762	-237.062
-0.887978	-258.322
-2.2867	-235.423
25.9429	-147.578
-29.5009	-242.014
-15.6889	-156.226
-5.10442	-235.941
35.9107	-296.03
8.80628	-160.057
37.2358	-142.761
2.13213	-259.293
-24.4137	-34.1869
23.8593	-54.6684
-13.9799	-118.877
9.19238	-49.8628
-29.1106	-235.555
38.3481	-40.9333
9.5078	-40.2545
24.5264	-231.112
-18.0815	-130.012
-30.8762	-67.6071
-15.8766	-119.04
13.9745	-242.468
12.8005	-89.8811
-30.9916	-138.267
37.1736	-209.871
-8.77015	-253.585
3.28986	-124.284
12.3996	-228.452
-38.3496	-134.341
23.9309	-65.0762
-30.4239	-264.819
-19.4395	-268.738
33.6744	-49.3215
39.2126	-193.907
-1.09977	-165.826
16.8896	-108.379
31.5938	-153.617
-28.4628	-275.066
-30.701	-168.33
-35.5505	-50.3976
-19.6208	-108.98
29.8575	-296.036
13.0422	-120.5
32.1274	-38.4006
33.9736	-182.977
-30.305	-152.697
-4.32766	-248.197
16.2336	-268.586
-1.82003	-49.1312
-1.21838	-39.2437
38.688	-159.296
-3.01976	-169.64
33.5832	-266.698
18.5871	-233.258
21.2409	-126.068
8.16334	-155.541
-26.8236	-180.677
5.51916	-209.673
-29.7409	-234.22
-10.0444	-257.817
19.6408	-274.402
-19.1065	-283.356
21.2799	-206.612
34.3877	-122.151
38.0291	-298.863
-2.15305	-230.571
10.6133	-37.3208
-13.6806	-240.219
8.02731	-102.196
-20.8818	-258.659
13.2405	-100.911
-27.073	-74.6638
10.2447	-87.6125
-4.64145	-272.494
-13.1588	-159.348
-23.3808	-251.319
-16.4468	-161.132
32.2107	-107.853
-23.2303	-198.318
-39.6304	-205.235
4.93456	-288.181
-30.1587	-137.89
5.25455	-221.956
10.1652	-43.7601
35.9224	-91.2447
-9.75979	-120.97
-18.7444	-140.301
-3.97515	-168.463
32.5484	-71.2502
22.0675	-94.0002
7.34553	-185.334
-8.40613	-69.3187
-20.8079	-68.1734
25.6042	-47.6334
-31.8709	-286.018
-25.6576	-232.926
-28.2715	-34.3542
7.39843	-192.493
-11.5844	-243.385
-36.5454	-271.894
13.374	-36.2865
-35.8267	-179.219
17.2246	-30.659
4.0172	-32.7922
14.2237	-286.763
-39.6235	-231.742
-32.59	-284.421
21.7416	-50.135
11.6783	-237.961
26.3767	-70.5157
5.19195	-158.128
-30.4109	-187.888
-18.2873	-169.665
-25.9038	-297.895
-2.76808	-219.645
33.1245	-46.9316
-12.5598	-115.177
-29.1371	-79.1394
37.6144	-46.8389
-20.5121	-152.935
26.1625	-176.848
-28.5447	-39.5992
-36.1049	-278.987
3.22114	-81.9201
26.7275	-249.671
31.1998	-62.5267
-22.3881	-99.3863
-21.9646	-295.52
11.4638	-94.505
19.3046	-223.873
-29.1529	-84.2627
32.9629	-162.874
-18.6159	-292.314
-38.007	-145.126
12.4697	-195.028
-34.8867	-173.635
27.5332	-218.928
-2.93124	-96.0897
37.8031	-138.606
-28.9464	-148.872
-32.8764	-285.269
-22.8342	-57.3068
10.2357	-202.694
35.6878	-63.739
16.618	-175.881
22.8821	-30.4942
-16.6092	-84.5882
39.4367	-143.15
17.0368	-114.97
-9.65959	-47.4193
-0.332611	-151.589
-29.3694	-95.2136
-1.18295	-256.362
-17.1316	-34.4828
-12.101	-34.8298
38.9446	-145.279
-13.5961	-275.23
-26.1561	-47.7538
-11.9487	-216.281
24.9016	-59.6664
-14.4936	-178.936
24.2628	-69.2984
-2.93253	-188.632
-29.4243	-149.537
23.5243	-146.009
-1.46544	-108.857
0.920353	-109.308
13.8517	-258.519
-14.8511	-290.574
-7.49921	-190.159
-23.8058	-144.672
-2.34243	-248.328
-0.861687	-218.826
-22.7474	-245.715
-34.7578	-214.419
22.7936	-91.2526
20.7809	-171.219
30.9143	-82.8832
18.5839	-187.322
-5.04216	-111.481
-38.8416	-110.008
-19.2373	-168.735
-34.8174	-73.2058
38.1689	-126.986
-23.4767	-31.4599
-38.1046	-298.144
7.35845	-71.496
-0.0737724	-234.275
10.828	-228.277
-10.6133	-89.1111
-37.3018	-164.45
4.53843	-86.9402
-1.23035	-123.537
-0.749382	-144.525
-20.0963	-145.322
-37.2948	-140.179
26.0607	-191.37
-39.4903	-70.2928
-27.2577	-103.557
-33.8921	-275.303
0.368385	-212.271
1.57584	-107.588
8.73848	-200.528
36.343	-299.111
1.09259	-119.547
32.1901	-185.531
-14.5641	-133.187
-21.58	-173.303
-14.7226	-36.8744
-8.34064	-162.176
31.7215	-38.7063
20.2182	-197.604
-12.3071	-81.1091
-24.6189	-197.421
-15.8092	-90.6629
6.29823	-108.841
1.03298	-178.195
-19.7005	-295.543
11.8561	-172.986
-6.16478	-170.466
7.50813	-293.876
21.4184	-170.262
28.6333	-178.603
-34.1929	-266.086
-20.4793	-222.451
18.729	-141.79
14.9479	-49.0085
4.83455	-135.763
-30.0241	-88.1749
22.8152	-94.1719
21.6619	-279.094
11.1366	-184.402
-39.0953	-83.8624
2.99929	-70.5397
1.46712	-108.753
15.0801	-201.235
26.4649	-133.186
-33.0776	-189.076
-18.7108	-286.872
-33.6838	-243.134
-10.9971	-87.1215
22.923	-299.044
-0.37233	-121.925
-12.8262	-268.151
2.1376	-225.56
-11.9512	-106.259
18.8029	-272.628
-4.89682	-237.883
17.2235	-116.27
0.753891	-159.211
4.20936	-194.387
39.2178	-99.7008
1.59743	-126.431
7.71034	-254.098
-30.0933	-297.161
21.3672	-54.0456
-1.68671	-206.738
-37.2922	-299.877
32.8072	-109.479
30.9562	-297.708
18.888	-81.4768
-6.01721	-192.592
-10.3275	-110.938
-38.3793	-139.758
-14.3707	-97.5413
-31.8762	-111.32
-14.7282	-293.886
13.963	-221.555
-15.7204	-147.495
-30.1849	-158.705
39.7853	-169.104
-6.19514	-151.964
-32.103	-226.165
16.7007	-79.3886
13.4388	-225.17
19.8657	-100.335
-37.7446	-218.487
14.4201	-188.849
33.3005	-139.564
0.0816269	-278.952
-9.34761	-215.515
13.6198	-47.9921
29.2164	-259.298
-16.848	-180.141
-5.51075	-259.509
30.861	-124.989
19.5887	-41.1984
-32.7967	-273.274
-15.4982	-43.475
-0.521172	-232.247
9.0905	-299.193
13.0876	-241.904
-24.842	-93.8238
-13.6545	-210.638
24.2822	-77.1226
-13.3791	-155.617
2.1738	-105.11
-15.0976	-190.682
-39.6172	-264.438
14.4124	-295.063
18.5177	-39.1732
-12.3588	-109.334
19.501	-68.0219
-17.1713	-78.9381
-4.43266	-104.604
19.4056	-103.508
15.3742	-225.269
16.9868	-285.166
0.878159	-150.347
-36.2648	-102.068
-21.2487	-297.024
-13.6834	-116.852
0.113617	-39.11
27.0473	-224.618
-3.74511	-47.2626
-4.56087	-274.269
38.2481	-88.8555
-12.1066	-234.931
-1.22139	-211.776
8.71897	-272.073
39.9847	-189.722
8.92594	-208.057
19.412	-67.9453
9.53249	-209.429
-25.785	-140.072
-11.6542	-46.945
17.1017	-266.418
-16.3207	-128.695
5.71785	-205.457
-31.5432	-145.87
-2.71123	-299.335
20.0986	-236.004
35.2489	-205.518
-14.503	-228.87
38.9787	-150.405
38.3531	-139.573
-14.6644	-120.686
-1.03526	-118.18
-14.0749	-206.827
-7.22233	-195.965
19.7336	-110.139
16.0639	-205.152
37.4947	-218.026
-3.27204	-140.052
36.2163	-185.492
-18.241	-193.789
-26.3614	-87.191
33.5201	-262.214
-17.8939	-55.5426
-32.956	-174.892
2.74736	-123.859
11.7769	-86.6564
-9.90748	-92.3486
1.69331	-159.611
-28.5925	-47.5737
4.42581	-82.411
27.58	-153.906
35.034	-71.075
-14.0687	-237.907
22.8186	-285.373
35.8817	-294.354
30.3945	-150.485
23.2616	-214.661
5.5879	-152.934
-32.3448	-82.4535
5.50927	-188.148
30.2752	-232.586
17.2286	-130.732
22.2507	-44.6442
-23.3279	-124.726
23.6785	-139.658
-22.2114	-93.9794
26.8363	-152.117
-7.16486	-33.8753
-36.3883	-256.93
11.4386	-35.4727
33.7548	-221.389
-9.96449	-67.2592
-37.5324	-189.022
-38.3251	-233.136
29.3463	-139.784
-22.7186	-266.641
3.98911	-295.671
8.27439	-185.879
6.67138	-208.377
-10.9747	-120.449
14.1555	-231.472
-20.9705	-290.792
-11.1123	-179.443
-26.1734	-184.629
-16.3273	-288.628
9.22358	-42.9089
1.90557	-282.068
-13.5199	-95.2119
-39.5036	-147.58
-23.83	-179.397
-27.5339	-212.499
24.2531	-104.194
20.8622	-107.309
-33.5196	-157.653
28.9114	-244.268
16.6432	-150.787
9.88255	-264.208
38.0711	-259.619
6.80378	-163.844
-19.2851	-234.461
-18.1376	-291.488
25.7753	-58.4413
27.9308	-212.357
34.4806	-161.279
-29.2771	-163.824
-4.80351	-37.7492
-33.1721	-111.654
-20.2237	-140.806
15.0094	-213.553
1.04749	-278.303
-39.1913	-174.978
28.3742	-251.971
8.17169	-287.682
16.6632	-137.693
11.4598	-242.888
33.389	-91.7428
4.73072	-153.034
38.6438	-106.273
26.2278	-57.0834
-12.6888	-127.554
33.5507	-39.7238
29.3988	-131.294
39.4878	-50.8285
10.3435	-45.2951
17.3259	-202.893
-15.4311	-243.984
-6.80082	-89.766
-34.9604	-266.25
28.9509	-90.5219
23.6966	-241.606
4.86535	-33.2534
35.4352	-190.212
17.4627	-266.063
-10.9848	-259.297
-19.6454	-195.832
-28.6748	-76.1678
-4.34806	-255.429
-5.54649	-221.135
-22.67	-94.8585
-34.4929	-219.031
6.12788	-245.659
-26.1185	-181.977
-28.6613	-41.7734
5.05705	-85.455
27.5223	-173.922
-12.5708	-246.172
-3.58852	-32.9075
-36.4526	-268.732
23.0667	-195.187
35.0468	-239.262
-19.7431	-123.245
11.4894	-66.8888
-32.7574	-171.017
35.3792	-277.276
-5.88448	-142.502
-26.1395	-137.57
37.6412	-202.822
31.0981	-258.678
-24.5102	-63.1048
20.6855	-188.499
-16.6762	-121.817
-33.7159	-73.8562
10.9257	-30.1358
-14.44	-96.3582
14.8512	-215.057
38.8862	-131.978
35.0524	-255.292
35.7757	-289.082
22.9367	-187.419
-16.5752	-209.972
-17.7984	-229.829
34.0173	-165.649
4.50182	-122.111
14.2457	-228.576
-35.3502	-91.8854
-28.2672	-199.505
-37.5615	-141.359
-17.9518	-246.346
27.5567	-150.977
0.757046	-85.7408
38.997	-197.244
25.3161	-67.2951
-29.3885	-190.008
35.4671	-246.96
9.95173	-82.2971
-20.0674	-249.946
29.1277	-91.5031
27.7559	-158.314
-17.1575	-241.98
-13.457	-130.695
-34.4461	-65.8733
-3.69751	-164.024
3.69393	-47.0954
-3.74242	-111.272
12.2088	-247.839
-13.4495	-104.622
-14.814	-58.7127
-32.5646	-236.168
4.74055	-189.456
35.7146	-191.032
20.7149	-220.458
-6.82387	-165.795
3.92731	-188.463
32.6898	-191.608
-25.2994	-267.851
-30.0742	-138.424
18.4547	-277.886
-18.5761	-240.97
8.43579	-271.066
-34.0806	-52.2552
-15.7989	-171.383
-17.7064	-136.213
31.0365	-171.486
-13.8938	-110.459
-29.0903	-291.46
-12.2719	-273.54
4.37638	-172.789
-0.182236	-69.0478
16.2334	-76.7062
-24.7154	-219.627
-15.2948	-181.802
-1.5014	-230.879
18.7449	-44.7635
36.7094	-52.9309
13.6713	-101.61
5.25554	-96.1078
-3.10157	-91.3038
-23.2198	-94.023
24.1879	-66.1741
2.66679	-189.272
-35.974	-35.0804
13.141	-219.161
28.1001	-265.503
5.0186	-135.667
-21.9488	-245.449
-38.56	-143.518
-18.3825	-160.958
-20.1343	-91.5217
-29.3421	-220.506
3.89196	-269.351
-29.0028	-237.35
23.2579	-114.032
19.8623	-78.3447
35.6225	-82.8671
-4.34551	-247.358
17.4029	-61.6172
-37.4551	-163.728
-11.261	-44.4746
35.5706	-273.989
-9.41295	-85.5142
24.8109	-210.198
1.68254	-229.976
10.8956	-121.815
-24.4642	-90.3738
-13.9736	-252.509
-1.17119	-156.633
-8.96921	-73.2037
3.88527	-197.949
-2.38153	-77.7378
-2.23655	-111.501
-38.0987	-164.965
-2.40893	-182.276
-10.9742	-87.4061
-6.47	-76.9377
29.3728	-72.9697
16.2085	-127.856
34.6911	-226.568
-2.30733	-116.967
-5.3745	-262.262
36.6443	-237.598
30.715	-91.6838
9.98126	-253.612
36.3203	-263.007
-22.8218	-191.227
-28.2142	-106.28
-6.67262	-46.3122
-7.17945	-64.7946
-15.0052	-145.571
-4.7118	-207.265
12.8916	-242.52
-14.8302	-232.387
35.6141	-34.7819
-25.1292	-212.097
-20.5645	-111.937
17.2781	-142.416
-6.3857	-225.854
-34.0715	-140.901
-29.9519	-266.885
-11.0176	-292.487
9.91407	-242.366
-32.5087	-147.164
32.0217	-284.299
-38.0167	-86.0119
-28.2492	-64.4726
29.8758	-125.186
-17.8192	-168.749
-6.94854	-40.4908
7.12373	-172.226
20.7762	-84.3171
4.62202	-179.355
20.206	-42.422
-36.3005	-178.974
3.84255	-200.689
11.1273	-282.299
34.7689	-211.752
19.1276	-251.437
2.27773	-85.4852
-39.4908	-149.219
-28.3519	-164.121
-3.38835	-226.899
36.5507	-284.374
37.3723	-154.595
15.4904	-39.0631
9.99501	-162.575
7.09307	-130.825
6.10683	-246.045
11.0778	-100.722
37.3802	-254.917
28.5654	-276.622
6.1429	-56.6399
23.5132	-114.07
-32.4424	-44.9144
-16.1977	-67.4273
-5.80605	-50.0505
18.8993	-36.368
10.568	-45.9839
-14.7148	-177.484
30.6316	-105.669
-31.7917	-180.719
5.10383	-166.24
-36.0653	-133.576
30.9536	-184.783
-2.54289	-238.441
-31.8193	-299.072
-39.0255	-36.1928
-23.5154	-122.924
17.9829	-288.126
-25.6243	-209.487
-14.3983	-226.113
1.81542	-31.5251
27.3825	-88.8766
0.451332	-188.78
-13.7981	-176.697
-32.673	-152.449
9.25105	-113.006
-14.9604	-166.143
-0.0535049	-100.692
31.5305	-234.052
-5.87754	-289.245
37.9816	-152.647
0.98053	-299.54
-19.5223	-198.857
26.8744	-107.083
33.3683	-285.183
34.0352	-39.5637
-10.609	-118.899
4.0161	-226.69
-38.9451	-102.784
-34.3571	-297.349
-3.64375	-156.603
-27.6624	-34.7466
-14.1508	-229.887
-5.18701	-237.615
27.6552	-265.577
-17.6491	-57.723
35.4851	-78.278
-3.5498	-80.8998
-18.8146	-116.772
-20.677	-85.2959
12.5046	-113.379
-12.1873	-237.138
-25.8715	-135.946
16.1011	-122.175
-16.6674	-291.754
7.32138	-140.787
-23.674	-135.565
39.8675	-189.241
32.8902	-115.918
-10.6829	-162.499
-12.0076	-138.965
-20.7532	-221.76
-37.8447	-295.936
37.1764	-109.666
8.68669	-296.524
22.124	-260.983
37.1092	-202.493
-6.26673	-192.58
15.3602	-140.613
9.2163	-81.704
-27.2327	-291.324
7.93472	-90.3059
2.78022	-163.402
-3.59172	-148.653
-31.3441	-83.4978
26.3338	-233.91
27.0401	-186.318
-19.9958	-200.317
33.1969	-220.032
-39.7928	-98.0243
-32.1296	-152.07
-33.285	-196.463
21.7708	-262.218
19.2368	-63.0286
-27.8346	-260.795
29.3754	-85.2818
25.167	-103.259
-32.9173	-280.367
30.6452	-113.474
-3.17355	-227.643
-19.9186	-171.27
-16.635	-154.288
24.9959	-247.93
23.4576	-175.698
9.26756	-177.291
-32.6045	-115.483
30.7192	-39.1514
14.6569	-55.6852
32.4921	-64.3564
22.0014	-241.64
2.94659	-113.668
28.1225	-293.795
38.6309	-122.81
-10.8421	-84.9061
-37.5932	-88.3145
-33.3821	-101.899
9.01379	-61.367
36.8884	-192.822
6.18221	-224.379
34.499	-116.451
-12.6441	-227.309
19.781	-72.3941
26.19	-233.204
-3.58329	-43.7304
7.82724	-182.062
21.0842	-60.3541
-26.361	-204.827
-31.7344	-268.825
6.52792	-166.799
7.87934	-73.4604
-26.0849	-69.1942
28.0722	-204.749
-5.83319	-220.49
-38.0942	-181.239
-27.9233	-249.457
-0.159859	-112.339
26.9985	-41.6156
18.6451	-217.743
39.6372	-48.9598
22.3677	-133.918
1.96007	-130.146
-7.90149	-174.523
-31.9346	-60.0634
-0.107586	-31.8921
-27.9331	-294.789
-14.9537	-54.8382
-9.16037	-278.105
33.201	-58.6967
-2.0942	-224.035
32.9591	-158.394
-18.1926	-109.39
-5.06892	-163.149
-15.9447	-96.2612
-25.6582	-66.9631
-29.7956	-228.185
12.5964	-152.114
28.3926	-282.787
13.7292	-161.831
7.03636	-225.91
28.9817	-67.0372
-33.81	-196.443
-6.12468	-193.483
16.3196	-236.531
-18.3975	-224.13
3.7979	-180.32
31.5048	-277.111
-18.5231	-171.963
24.2787	-246.926
18.0883	-180.426
-0.285374	-166.371
18.2279	-260.587
6.44981	-195.313
9.17747	-290.359
-22.078	-170.136
10.6756	-91.8457
30.3663	-72.3406
6.12616	-258.789
-14.339	-199.598
33.2031	-299.022
-38.5906	-246.667
19.4498	-265.271
-37.56	-59.3675
-2.886	-145.708
-37.3356	-178.063
-32.7113	-44.6115
4.23524	-59.8371
29.6813	-123.373
0.263504	-184.258
-7.95018	-296.58
39.0922	-146.18
-27.7493	-72.7387
-5.01003	-264.81
0.875443	-157.785
-10.5723	-266.563
25.299	-294.749
-3.44838	-207.589
11.5902	-100.67
-8.78935	-46.6361
-30.8251	-289.848
12.1844	-169.351
26.0395	-114.067
-15.858	-51.6738
-3.68805	-130.659
-32.7621	-149.627
-36.2009	-262.954
-36.4162	-272.539
-10.5433	-293.666
-13.3914	-155.147
-29.3461	-253.527
38.4016	-131.193
26.1315	-140.009
4.48397	-115.099
0.00811005	-163.621
1.18866	-254.641
5.81349	-270.121
-32.9873	-93.4015
27.1045	-184.214
3.22605	-281.241
16.3902	-39.5967
19.8779	-276.987
-8.13974	-104.298
35.9898	-135.834
-39.7348	-161.813
3.24035	-136.679
20.9825	-226.952
-30.8696	-61.1989
23.4376	-36.2271
-7.62062	-72.9101
24.1055	-286.169
38.3698	-183.981
-20.1809	-50.3916
3.4701	-165.374
-33.6212	-154.381
38.6445	-185.22
-23.7007	-291.294
1.08635	-50.6026
19.3448	-87.8772
9.28329	-139.704
32.7723	-91.9574
11.6471	-175.014
21.9082	-255.019
0.768478	-159.003
16.7193	-131.507
31.5017	-212.77
5.17284	-243.002
-36.1523	-271.279
-18.5992	-133.345
25.6638	-57.162
-14.0133	-205.277
27.8885	-197.778
-1.10138	-140.664
35.0336	-72.714
3.41603	-219.537
-25.6774	-245.471
5.93933	-252.91
30.553	-241.279
36.1328	-284.525
36.6931	-186.985
-16.5985	-161.294
21.382	-59.0174
32.2528	-180.573
-13.105	-221.742
12.1875	-35.0638
26.5787	-131.439
-10.6474	-230.883
-25.4822	-154.045
29.6942	-178.191
-3.15295	-79.8197
-10.4282	-114.953
12.3268	-184.418
-23.5738	-200.555
9.34107	-221.506
29.5822	-98.4944
1.05358	-156.238
-28.2013	-37.6601
-25.8028	-136.687
-3.35196	-189.297
-33.9112	-184.735
14.0885	-85.7527
26.4244	-97.6194
-25.4925	-158.86
19.2597	-63.5659
-39.3058	-177.441
29.0345	-184.293
20.5891	-45.3617
-15.9265	-58.896
19.7659	-107.462
-2.82033	-50.5192
-24.6436	-63.744
-24.9688	-58.0384
-22.2023	-295.159
-11.3562	-51.2542
9.94114	-209.915
31.5691	-90.7464
-29.8166	-174.967
33.7393	-66.5964
17.1492	-115.994
9.33783	-91.7235
-24.4468	-90.1535
30.3117	-235.837
-7.73247	-70.3338
-2.49264	-223.864
29.5587	-224.216
12.0512	-292.735
-29.874	-252.977
20.0572	-220.289
2.91362	-165.466
13.0108	-175.411
39.9861	-193.582
-22.2512	-194.286
32.1378	-222.937
-30.4092	-181.961
13.0602	-299.152
-9.85589	-158.225
-33.3208	-133.702
8.21118	-238.333
38.2649	-80.1491
23.2519	-268.119
22.5682	-230.376
-31.0718	-232.361
-0.730621	-191.81
25.1631	-138.117
-36.4222	-185.94
30.6127	-293.834
7.94065	-60.0934
-12.9723	-161.945
12.9582	-267.55
1.87614	-279.181
-11.8765	-205.359
12.5631	-138.319
33.4438	-277.485
-37.9482	-159.773
-15.6987	-111.028
28.9653	-271.71
29.3589	-147.542
-34.3015	-252.816
20.2046	-126.54
-14.3535	-75.9985
5.57351	-233.295
-17.6465	-280.427
4.79845	-162.174
-8.73038	-287.934
-14.3497	-219.63
16.9375	-100.176
2.34562	-258.549
8.05063	-154.886
38.5162	-275.502
32.4812	-226.576
-24.2938	-118.051
-23.5681	-284.486
-35.6552	-168.954
-31.6478	-292.478
38.7496	-72.5252
-30.063	-145.269
-31.2789	-279.048
20.9687	-226.024
-12.924	-114.574
13.7555	-58.1362
14.5235	-41.057
-4.70266	-220.873
21.4919	-269.515
29.6027	-89.3486
-4.73758	-218.644
12.573	-187.531
-22.545	-191.738
12.5939	-192.987
-38.9911	-183.012
15.3588	-36.7268
-29.5137	-253.934
19.9979	-284.532
38.7656	-89.5329
-28.6014	-226.837
19.0211	-74.8016
34.786	-172.643
0.467804	-157.894
31.2172	-277.581
-8.86351	-160.149
-26.7867	-291.473
-35.8202	-161.248
6.20143	-250.168
-13.1688	-269.083
-34.7031	-48.2071
-34.8894	-149.52
19.5365	-299.448
-20.7614	-65.4876
36.3501	-157.537
4.33422	-34.5161
-3.54629	-31.7766
-29.197	-231.602
-1.02365	-197.967
-35.9818	-285.65
-23.0175	-90.872
-13.333	-160.137
32.3027	-205.228
-6.70425	-99.3181
30.9928	-212.388
-23.7735	-273.846
29.7708	-35.5676
25.5232	-76.2223
-21.6441	-65.0913
-20.2002	-205.673
15.0478	-128.28
22.9158	-31.9598
-14.3971	-66.0336
-11.1329	-266.421
-28.193	-261.772
30.1238	-161.377
38.11	-146.089
-3.63053	-84.6662
-15.3344	-181.862
36.4049	-267.231
-19.4884	-36.1879
30.3469	-257.263
0.133472	-231.565
-32.2502	-116.019
9.99885	-195.688
-38.1939	-38.2649
-17.5387	-117.665
26.5984	-112.948
3.52212	-153.817
-0.22953	-85.5956
30.0578	-248.858
2.00148	-252.004
37.5156	-70.0976
0.301476	-84.368
-36.7257	-90.1985
-9.97849	-123.032
-29.7595	-117.053
6.09743	-90.661
13.392	-33.3309
3.14499	-230.626
-8.93025	-72.9993
27.2337	-206.141
-10.2626	-174.524
17.4153	-41.7544
22.3243	-35.0624
-29.5612	-208.173
22.2018	-176.175
-15.5824	-229.962
-25.0163	-185.904
19.588	-274.264
-39.1588	-176.005
-3.52521	-35.5755
38.9936	-154.242
19.4891	-115.258
-24.4066	-113.513
23.3278	-249.567
24.0799	-267.354
8.708	-126.614
7.80584	-204.59
31.2839	-40.343
-30.5859	-42.9924
36.5616	-270.755
-11.6272	-74.1596
-7.36449	-138.259
32.3082	-246.778
-27.6399	-92.1936
7.74419	-293.156
-0.248047	-185.045
-9.48501	-101.957
13.0421	-174.27
-10.7034	-78.7842
-35.3426	-34.7314
12.1544	-215.537
16.3315	-279.939
2.73969	-276.002
-19.3165	-217.827
-4.24683	-181.951
-6.33773	-220.413
35.2283	-281.075
38.7253	-76.5585
12.8606	-46.744
-3.44572	-243.446
9.77634	-297.867
24.5003	-130.268
-6.49546	-294.5
-7.10543	-57.5931
23.1851	-153.373
14.9195	-136.178
-6.52778	-154.32
2.59186	-77.3951
-1.39478	-166.784
-23.9013	-197.475
39.9356	-283.777
11.6524	-170.483
22.6478	-62.7458
26.5009	-140.945
4.35994	-249.459
-14.8941	-284.999
-25.8429	-60.6718
-0.672249	-192.378
-7.49358	-243.082
-34.9088	-51.1882
8.28316	-74.7292
5.46348	-30.7321
26.0781	-144.92
-2.6431	-284.29
-15.6653	-80.7698
26.2029	-48.325
-24.7883	-89.2732
-5.07693	-269.262
34.411	-56.3278
20.0611	-168.647
-33.6525	-246.933
33.0266	-68.2294
7.33649	-186.741
-6.42055	-192.12
-10.2828	-132.605
26.7341	-45.9547
-19.5881	-70.2255
4.03627	-239.181
29.877	-43.8741
11.7487	-104.641
-12.9632	-30.0747
12.7531	-131.762
-38.3703	-196.171
23.3376	-94.7389
-35.7663	-169.665
-17.3182	-97.6514
-1.82472	-164.296
39.4997	-164.943
10.6161	-139.884
-12.9604	-149.01
-30.3279	-264.807
6.60117	-160.378
-39.9194	-227.543
13.3402	-246.245
-23.8958	-151.168
-10.0881	-44.9694
25.1569	-246.118
-23.7226	-106.636
-15.8865	-112.521
16.8995	-253.334
18.5608	-266.884
0.429382	-249.042
36.3634	-92.3186
9.62956	-131.429
-9.56427	-273.626
34.6126	-255.074
37.9695	-30.4413
26.0552	-275.722
3.15272	-39.7906
-17.5876	-122.042
-34.1631	-97.5229
-23.6126	-47.8784
35.9343	-107.457
-29.3681	-104.16
-18.6048	-249.634
-13.8367	-131.848
-27.2677	-197.225
1.0788	-42.3186
-8.23257	-160.441
-15.4357	-260.573
7.31395	-276.322
-19.0418	-150.163
-38.4737	-292.255
4.30811	-56.2516
8.55164	-127.862
-13.8595	-149.864
13.9784	-297.774
-36.8469	-79.9554
-3.7344	-297.94
-8.69883	-118.481
-39.4241	-195.219
-33.2504	-118.213
-30.7279	-155.245
-21.7101	-39.0291
14.701	-150.907
-0.920723	-125.593
-0.875546	-130.43
24.0071	-33.3614
-18.825	-105.24
12.6893	-297.721
13.9371	-102.115
-39.1185	-237.735
16.8574	-160.87
34.4651	-43.6984
13.4298	-216.269
20.2791	-140.037
-26.5523	-236.421
-39.5644	-218.638
-24.4818	-283.793
35.0807	-163.176
29.1947	-279.4
34.9951	-179.789
-17.6443	-152.28
22.802	-281.1
-34.1133	-195.295
27.7745	-128.31
23.7044	-135.778
35.6996	-267.79
-3.4171	-78.7211
-21.997	-273.327
-13.5405	-216.473
27.5338	-238.63
-1.97875	-282.8
22.2473	-184.625
-36.0598	-237.232
-30.8004	-272.92
-23.7192	-39.6192
-4.0043	-115.804
-25.0063	-215.876
-35.6316	-159.312
-12.36	-281.518
-16.1244	-252.936
36.2197	-42.2591
-27.6689	-43.5479
14.5511	-158.619
-24.2721	-182.62
-9.74437	-81.5642
33.2678	-248.774
38.8878	-268.696
-1.78135	-106.662
-19.3613	-272.924
37.8487	-90.8335
14.4539	-218.578
11.263	-170.501
3.29555	-214.134
2.7583	-289.462
-22.5751	-140.16
-33.1358	-294.925
7.97954	-284.021
-13.335	-192.956
39.0377	-160.541
23.9032	-220.565
9.06439	-139.061
15.5294	-136.367
12.8436	-228.567
-33.2741	-55.4242
-31.8162	-223.436
4.42578	-122.762
32.1719	-90.8415
17.7604	-299.782
2.39502	-291.576
4.17627	-254.761
-32.3862	-298.405
-31.904	-221.057
-10.3184	-91.3501
22.4931	-73.7536
27.6945	-282.027
-8.89124	-250.95
17.1144	-182.35
1.0578	-199.005
30.7164	-276.387
28.514	-40.0734
33.1951	-204.702
13.4259	-186.177
1.12056	-137.824
39.7129	-212.982
38.2212	-184.783
23.592	-151.711
32.1651	-157.432
24.8808	-37.4372
13.1381	-102.075
-22.2386	-33.9922
27.7254	-147.284
20.1295	-125.499
-6.61038	-68.669
-22.5198	-262.16
-38.6292	-200.822
-8.50684	-208.888
-32.4315	-89.2699
-27.1521	-218.273
-35.7633	-211.055
5.33079	-111.076
11.2059	-212.821
37.8377	-191.331
12.0062	-290.36
-21.6023	-255.715
34.1508	-105.255
-24.5388	-298.647
-2.07391	-57.501
-18.4605	-87.3446
21.607	-84.4502
-21.8536	-97.8459
-26.2537	-217.752
35.8865	-142.235
-5.25511	-73.5904
25.3495	-125.453
-31.1851	-145.596
-5.05497	-185.978
8.24759	-173.898
-0.926254	-161.637
17.5513	-275.774
-4.22609	-107.473
-35.1022	-97.3624
-1.7842	-248.021
-11.6129	-292.889
20.0852	-94.7736
33.8922	-263.624
-33.8382	-126.445
-11.989	-60.3776
-17.6647	-154.5
-31.9669	-276.719
-6.78909	-261.132
-25.8248	-94.9707
18.3587	-81.0356
-39.8145	-110.045
29.1162	-290.943
-6.07129	-184.22
-13.4583	-44.107
-18.7438	-231.025
-29.4371	-98.1205
-6.99998	-181.975
37.8081	-186.298
6.95705	-201.387
34.3499	-246.653
32.7831	-206.15
5.45457	-114.217
-21.2127	-287.098
30.7364	-235.083
-32.8538	-192.556
29.6396	-153.825
-25.0153	-110.023
-3.62563	-49.4048
-18.3622	-225.271
38.8927	-283.634
26.6315	-205.811
-25.9282	-152.206
29.8342	-225.062
21.7555	-198.39
21.5706	-280.348
11.6156	-127.26
-29.0854	-205.375
23.5543	-279.689
11.2373	-195.955
-37.0713	-111.772
-29.2315	-48.6366
-39.3291	-109.259
-21.0224	-45.0029
-11.6249	-212.825
24.7941	-163.966
-26.2495	-246.205
4.47766	-254.501
-19.2573	-162.889
35.4624	-270.866
-2.50402	-58.046
-20.4653	-244.418
24.0598	-242.191
14.0803	-242.652
19.4321	-298.785
15.2939	-232.259
16.3835	-104.489
-24.0283	-62.568
-22.3128	-272.867
-21.3702	-249.737
-23.3593	-278.545
27.9053	-135.716
-28.2952	-258.949
-35.8861	-295.808
5.32259	-197.868
-7.25933	-195.719
3.46621	-102.214
-1.23114	-234.04
-8.74275	-229.938
-1.32107	-94.9454
-20.5181	-55.0698
-10.8739	-273.516
-2.80792	-127.346
26.8997	-284.549
14.684	-84.6515
-38.7471	-120.341
7.97882	-111.576
8.46824	-234.467
-22.0243	-36.2345
-16.4785	-134.124
3.38232	-160.137
-26.4788	-277.799
34.9046	-138.513
-24.5215	-95.6166
-7.21215	-255.938
-1.68842	-92.6298
-19.9143	-175.898
-13.7786	-72.1019
-18.1166	-203.097
-4.61717	-55.2956
-27.9372	-39.2563
15.6338	-43.0759
-25.0337	-118.575
-18.6569	-202.183
9.07549	-297.691
17.4857	-216.035
-36.9645	-121.708
-32.5903	-69.5866
-23.1349	-84.1137
-25.034	-249.126
25.2862	-220.592
33.5393	-150.976
-16.638	-82.7216
15.6029	-282.743
24.7668	-108.297
-7.56688	-246.245
-7.35519	-129.571
-18.1149	-274.782
-21.1718	-262.707
-0.5714	-247.037
21.6608	-72.3394
16.9348	-147.443
-8.41795	-245.055
-1.13419	-254.373
-16.8158	-51.239
-38.9658	-31.4161
-36.1685	-110.862
37.8379	-33.1365
-20.3291	-191.051
-6.399	-280.588
31.9729	-175.232
11.5278	-225.333
12.8424	-235.218
17.9567	-173.328
29.7348	-76.065
9.31104	-64.3611
-29.5785	-86.7625
-4.50222	-209.502
19.8313	-278.567
-37.1847	-128.743
21.2246	-59.0817
11.8256	-156.532
21.8528	-207.95
32.8532	-121.398
5.42861	-60.9003
13.4295	-119.307
35.1672	-151
-31.791	-61.8829
-5.43173	-137.205
39.1526	-229.799
3.05359	-63.74
-27.2434	-223.14
29.9418	-44.5457
-27.6771	-170.441
-16.4154	-257.553
36.6024	-41.106
32.753	-45.8695
-30.5446	-148.431
11.6851	-43.2416
-24.1156	-140.127
-24.0346	-249.583
-9.94592	-263.782
9.17883	-184.213
31.8955	-229.418
-32.9913	-265.114
-0.496552	-228.219
-32.1179	-185.699
-21.2415	-78.4933
-7.56596	-210.599
12.0889	-126.967
13.4743	-98.5962
-32.9446	-139.895
-38.6517	-83.4592
21.5488	-195.935
9.43436	-107.011
-1.57039	-144.387
29.6709	-188.964
-19.7113	-299.296
-22.3895	-119.71
-31.5426	-119.658
-8.33953	-154.036
-5.58602	-105.408
17.1765	-265.79
23.5349	-96.3665
-20.2115	-229.358
-38.3731	-184.063
-14.6615	-280.758
32.4806	-297.102
24.5535	-32.763
-26.2591	-193.712
3.90803	-95.9131
8.97683	-87.4825
29.1006	-160.81
9.91654	-279.31
-39.9458	-65.4056
33.8577	-202.826
17.1255	-292.249
-26.1949	-140.613
17.0004	-103.024
38.8226	-152.224
16.4604	-269.882
31.1511	-117.647
-9.14435	-279.621
-13.5659	-267.051
23.6211	-286.85
8.78683	-192.754
-4.32487	-159.508
-15.3386	-297.987
5.87664	-221.88
2.0208	-267.415
-37.7961	-132.787
30.5984	-123.693
-26.6011	-240.036
-11.6487	-261.646
-4.32376	-221.624
38.6953	-39.3676
-37.6072	-219.663
-35.2303	-98.5892
35.5884	-271.246
2.53012	-269.623
18.57	-291.524
-23.262	-229.919
-26.3271	-136.953
33.64	-120.051
-9.0602	-154.697
5.02308	-271.373
3.5005	-225.024
37.8117	-138.089
-2.71742	-77.0952
30.8898	-152.532
-2.87639	-202.69
21.1437	-248.854
34.3024	-192.928
-26.1332	-94.4653
4.86477	-132.479
1.75835	-121.84
34.2814	-287.279
8.61559	-134.832
-38.1858	-214.415
38.4994	-177.671
0.539795	-188.308
8.66824	-254.633
-13.0026	-238.26
23.4687	-221.638
-10.3619	-255.436
12.3951	-104.856
25.9631	-115.637
-7.30444	-78.1048
-17.6899	-101.827
17.813	-93.0909
10.7248	-253.557
-16.2372	-66.8339
34.0132	-77.0613
12.0749	-228.403
0.691113	-98.5968
30.5805	-277.452
4.53505	-40.071
-9.75848	-70.2015
32.1043	-135.596
28.9289	-56.577
-14.142	-83.9785
-37.3433	-251.862
31.2826	-153.042
-20.7655	-102.145
-29.6816	-254.792
23.5757	-206.84
20.2277	-73.9346
7.98742	-285.677
-26.1153	-174.528
-26.2876	-273.429
-24.3482	-141.651
3.4383	-235.853
13.6155	-285.373
-19.0267	-261.351
35.3543	-53.7958
25.2079	-145.605
-9.04652	-152.763
33.7302	-176.471
37.444	-103.315
-3.70454	-243.418
-17.7243	-142.173
39.0257	-118.658
22.2715	-274.569
28.2463	-289.793
33.6687	-209.887
35.3164	-189.86
-35.1918	-220.824
2.14283	-138.25
30.9795	-72.7283
-17.4234	-264.762
-3.5871	-246.281
3.41306	-295.805
1.11645	-105.529
-23.9912	-258.038
-0.27858	-44.6746
-25.7307	-95.1781
-0.226074	-221.665
15.4711	-70.7861
8.75874	-97.9635
-12.6399	-104.548
10.0295	-214.496
-21.6444	-208.379
-11.7461	-230.924
-14.9148	-269.983
9.04667	-137.734
-7.01218	-172.467
6.91597	-242.782
-4.56874	-41.9585
23.7062	-125.648
8.60237	-156.537
35.3572	-149.71
-26.8729	-250.444
-17.1803	-282.344
32.5852	-240.356
-9.73792	-32.3053
12.5986	-150.483
-15.938	-110.158
14.2766	-32.2146
-23.9805	-120.192
3.44801	-200.108
-9.97518	-175.32
-20.736	-57.8722
10.6887	-93.6954
-36.4399	-143.327
20.4234	-135.909
17.5997	-270.828
-28.417	-284.479
-8.13849	-208.244
9.13231	-126.344
-2.74273	-57.2232
-12.6631	-294.94
-5.74825	-201.477
-0.940765	-254.436
-20.9878	-83.9229
11.2124	-82.5452
36.7292	-297.608
22.396	-81.3219
18.112	-160.663
-35.7354	-212.896
-36.5542	-132.301
-3.55709	-78.0313
13.1574	-35.6666
-28.9161	-89.2164
-21.3964	-296.75
29.4448	-71.8924
11.5943	-247.009
-3.11568	-138.323
-38.0301	-197.313
33.279	-280.415
-14.1536	-51.9
16.0725	-142.599
6.29852	-251.407
15.6959	-293.792
35.7134	-128.375
-17.8694	-138.888
-33.7987	-239.683
32.143	-149.832
-3.98235	-150.502
5.07857	-86.4218
-14.3365	-158.349
-9.87664	-277.962
25.6547	-46.1863
6.47043	-110.53
-23.0137	-86.4859
29.3868	-150.083
38.9828	-289.229
-7.22442	-183.086
-31.0541	-128.309
-17.462	-150.777
-13.9318	-195.25
34.5547	-144.423
31.5462	-234.954
33.6547	-140.301
12.248	-116.251
32.3177	-170.249
-22.0718	-39.9706
16.7348	-71.1317
-16.8612	-202.323
-14.2747	-77.665
-33.3178	-183.701
-27.607	-131.616
21.5186	-172.321
30.5556	-200.376
-35.4698	-45.1623
34.4935	-259.17
-14.8347	-274.681
3.38589	-160.995
-10.519	-284.381
30.7842	-193.607
-20.9961	-107.764
21.1739	-186.014
-0.224857	-135.359
-6.85153	-95.543
-33.8634	-217.981
-15.4973	-236.237
34.6068	-269.542
-22.0861	-89.4403
17.46	-51.4605
33.058	-106.489
20.407	-142.307
-27.7527	-176.176
33.6443	-140.094
5.21731	-278.006
12.5048	-163.601
-24.835	-219.318
-8.29972	-288.999
-14.6903	-149.035
3.22903	-233.989
30.8614	-284.179
34.8478	-141.955
-39.8812	-46.0849
-38.6337	-102.639
11.3925	-147.639
29.1141	-239.6
12.3632	-250.046
23.7234	-271.487
33.3383	-30.5767
-29.675	-33.5957
-37.3353	-261.659
32.6733	-254.811
27.6044	-210.11
-16.4165	-289.627
-33.2086	-216.762
7.49656	-68.2425
-38.4128	-92.2841
26.3197	-53.804
-21.1659	-242.913
6.84578	-97.9728
30.306	-89.5599
-36.0258	-153.841
36.109	-276.269
8.86909	-158.806
-4.41342	-83.6039
-11.4939	-117.219
24.3832	-234.3
-19.0898	-276.263
6.29553	-220.035
30.6566	-108.126
-8.91476	-120.554
-6.40308	-233.93
-20.9141	-177.172
37.1282	-106.955
-34.6435	-88.2609
30.8139	-288.214
-15.2961	-43.9491
-23.3474	-235.806
-28.6365	-261.555
-33.9263	-259.68
-6.82579	-134.433
-35.035	-154.39
-2.25891	-78.9643
-10.2579	-77.2065
-13.3226	-226.95
1.63803	-245.258
-13.8096	-79.4982
-16.0738	-240.825
26.7574	-295.077
-33.3417	-232.347
-37.6874	-90.4569
16.2917	-53.1476
-15.3589	-68.4776
30.4113	-114.057
0.169865	-61.195
0.627499	-199.356
-32.561	-114.622
6.5649	-187.23
18.674	-251.606
16.0265	-93.3137
-23.7575	-211.969
17.8895	-31.9217
-37.0377	-57.2751
32.8403	-139.292
-11.5012	-197.868
-9.59006	-70.5256
-4.83087	-135.889
-15.9789	-217.611
1.27342	-57.7008
-24.452	-281.668
-1.54721	-119.25
36.1246	-280.525
-17.107	-149.077
-29.354	-245.474
-19.6685	-148.696
-31.7425	-74.7246
-32.4989	-165.228
35.2785	-248.4
10.8047	-106.905
3.68887	-158.214
38.2215	-246.864
-31.9088	-32.846
23.214	-283.255
1.90649	-186.209
4.18144	-113.774
25.2434	-71.9376
14.5779	-85.754
-38.2943	-201.635
1.42245	-179.91
28.8744	-212.097
33.7323	-228.67
17.1595	-94.2659
-37.5068	-271.71
-11.3322	-171.904
14.4367	-259.639
-8.78344	-70.196
29.97	-53.0951
18.0912	-252.061
12.1027	-235.029
-35.1176	-99.381
24.0947	-222.486
-1.42759	-181.785
-36.6268	-165.052
-22.3559	-234.922
36.421	-65.8003
-33.9352	-290.611
2.88139	-294.151
-32.4536	-189.14
30.3846	-112.935
12.5296	-256.998
3.13904	-82.4782
10.124	-82.8621
34.7971	-267.537
-30.1663	-65.7839
-22.8478	-62.757
-33.4611	-212.849
-33.0128	-146.135
-9.66777	-141.95
-2.21537	-279.831
-15.5375	-117.239
38.1312	-195.099
-3.38651	-215.133
-5.05481	-122.204
2.02553	-119.332
32.6316	-166.653
26.2233	-264.75
-25.2483	-80.5316
-17.9908	-176.873
-14.0021	-214.079
-10.7397	-99.2646
28.4701	-39.1744
-14.791	-259.399
14.537	-255.022
-18.6061	-284.403
12.9414	-268.336
-17.2728	-138.257
35.6953	-76.7796
-20.432	-77.3069
12.6018	-273.867
-33.0287	-118.633
37.2281	-107.98
-2.86482	-62.7051
15.4109	-172.558
8.04702	-37.7513
-31.0379	-272.078
9.5975	-124.545
29.1685	-104.442
-39.3456	-143.282
-3.19985	-48.2773
-29.1269	-231.981
-0.502369	-222.946
-23.5663	-194.575
26.3779	-255.835
-31.3163	-99.2109
7.36805	-212.961
-8.57421	-139.96
14.4527	-138.054
-4.38918	-125.226
-19.2396	-237.894
-32.9473	-260.722
5.44029	-174.03
-1.27012	-154.747
31.1005	-78.839
-9.41149	-150.209
30.461	-253.148
-32.8588	-100.092
36.35	-265.222
39.0138	-240.603
-2.67254	-104.118
1.9635	-96.1605
-0.815998	-258.83
24.2902	-227.07
18.5359	-50.5488
29.8468	-191.7
-38.4475	-284.484
-18.05	-98.2679
12.2712	-229.446
11.4969	-248.326
12.5542	-175.411
28.1759	-162.125
3.46115	-122.766
-26.7908	-41.99
15.6685	-135.505
-12.248	-94.4565
17.9832	-117.939
-27.3128	-128.638
-26.8606	-239.245
-18.2585	-129.371
27.0682	-82.0879
-34.9936	-241.964
-17.6453	-254.197
-15.9399	-173.753
31.7983	-227.546
14.7381	-248.661
-31.8116	-295.876
37.0382	-185.466
16.0664	-212.284
-9.28888	-197.594
20.8231	-92.6291
26.6378	-100.758
-38.1675	-131.999
13.642	-120.761
17.0083	-282.661
18.9147	-61.856
21.8688	-124.97
-4.62015	-73.1541
1.2011	-284.439
7.06962	-98.3746
-4.87949	-173.035
37.3719	-85.8284
36.5256	-230.694
9.8005	-172.326
19.0947	-67.9127
-8.69414	-209.353
24.3117	-192.736
-12.1071	-157.325
-21.1899	-68.0821
-22.3802	-207.567
33.1121	-120.179
9.71872	-164.391
-35.0631	-236.207
-6.14624	-129.412
-35.4879	-267.819
37.7736	-37.9093
-29.3068	-69.0121
-38.4654	-144.917
-24.5963	-132.458
-6.84186	-153.214
28.5398	-73.6241
18.3121	-88.434
-26.3972	-288.288
-35.9375	-34.6963
-33.0916	-127.303
-10.928	-271.35
-32.3583	-153.914
-11.928	-117.985
-7.68005	-48.536
17.0548	-208.924
-15.7119	-30.876
1.83914	-114.527
-17.954	-68.5541
-23.8886	-202.056
14.083	-177.3
-25.5084	-125.439
28.4861	-108.234
18.7332	-289.547
-32.5145	-286.767
-35.844	-178.61
-23.1271	-78.8575
34.3823	-122
25.4557	-71.7129
-12.3139	-111.773
23.3311	-181.721
4.64241	-185.747
-34.4753	-250.076
1.48092	-226.399
-14.1085	-119.531
8.42167	-80.1072
-37.2167	-285.188
8.42539	-220.946
-1.96814	-195.829
-26.481	-184.443
29.1375	-256.623
36.9839	-249.36
-17.2083	-105.898
-11.3228	-84.6131
-21.2337	-246.856
6.47281	-215.242
35.2511	-58.3274
-10.0984	-178.107
33.961	-76.1773
-3.86036	-216.616
-32.699	-198.984
-37.0829	-76.825
-33.7254	-34.7764
-27.9658	-41.6276
-29.857	-118.421
-26.5702	-63.1479
-8.87863	-109.489
-21.089	-66.2219
-28.0445	-296.784
-27.4938	-39.5339
25.8498	-163.928
-38.9099	-197.225
-12.8657	-164.953
-16.841	-48.6613
17.2304	-171.309
-18.539	-125.532
-15.9879	-149.647
38.9329	-151.927
-18.9118	-291.894
4.59715	-136.93
4.96662	-99.0236
28.6899	-61.3766
21.0111	-142.171
10.4729	-76.6443
5.9425	-187.061
8.53615	-293.539
38.4776	-53.1732
26.9618	-81.8212
-2.25436	-40.9125
-17.9268	-175.995
22.3027	-116.241
12.9266	-228.508
-22.7608	-270.078
-33.9517	-114.156
-3.58772	-162.72
-13.5806	-153.32
33.9787	-57.3369
19.5146	-156.343
7.31017	-219.566
-7.33793	-231.403
19.8279	-54.5522
29.0332	-123.888
-5.24724	-289.742
28.7227	-144.147
37.7583	-221.432
-30.1402	-82.9486
26.4112	-224.057
-23.2936	-195.676
15.8527	-128.316
-39.4127	-109.423
37.4775	-233.635
13.2313	-282.296
17.8041	-228.981
2.49672	-72.4262
-33.491	-149.488
-13.1465	-276.62
8.86702	-284.813
-20.857	-147.733
22.4575	-50.2941
-36.7416	-278.63
-14.324	-102.106
-13.6047	-261.249
9.33585	-73.916
-24.384	-120.789
3.92404	-47.6069
23.4993	-274.671
-8.80492	-205.787
-11.0706	-253.469
9.31718	-232.61
14.647	-147.055
29.3158	-55.3442
27.6371	-195.912
-12.1203	-199.535
-25.0144	-171.743
27.2344	-251.552
-19.1352	-144.564
31.936	-285.552
-31.0301	-177.508
5.45531	-241.868
18.0733	-56.6892
7.32441	-242.069
-23.8792	-36.4563
10.955	-254.962
25.7373	-255.756
39.9204	-227.093
23.6698	-112.108
-28.7181	-209.145
28.3987	-70.2114
0.395168	-99.4837
26.2212	-78.9757
30.408	-153.763
9.59414	-277.934
5.81834	-85.8269
27.6164	-194.102
-30.6221	-79.1701
-31.2205	-204.727
-15.3265	-158.516
-33.9963	-239.821
9.43715	-227.709
-28.1902	-263.755
-2.39645	-102.98
32.2108	-30.5714
13.3447	-68.3474
-16.3967	-103.324
23.5993	-179.213
6.01324	-295.637
-32.6836	-249.278
15.005	-122.786
25.6394	-124.274
-26.7458	-214.854
5.79713	-126.636
0.455662	-197.836
31.6896	-142.306
28.8462	-111.058
12.5092	-171.305
30.1596	-286.804
0.763336	-261.942
28.5414	-53.3492
24.3104	-287.212
-14.4943	-95.2538
16.2725	-167.371
32.4343	-139.211
34.4865	-55.2468
10.3681	-90.3725
-25.5824	-161.214
16.1813	-257.54
-5.09609	-265.135
-13.2214	-41.5165
-29.2226	-206.395
-6.79321	-294.844
1.37704	-242.053
-12.6487	-149.534
9.42498	-241.813
21.9387	-67.5856
-39.0818	-133.449
-20.8241	-271.766
17.9057	-278.498
-8.467	-118.87
-6.07101	-121.629
-24.8822	-195.021
0.89069	-193.265
-24.8248	-233.806
26.8828	-279.154
9.21278	-74.636
4.85865	-117.49
-21.4297	-196.279
23.5487	-102.497
10.6685	-97.6227
21.4757	-240.235
7.41528	-133.819
9.27795	-92.1778
14.1691	-83.7213
-20.1631	-194.067
-26.0176	-185.768
-31.5758	-66.4362
-26.2653	-224.835
12.2247	-186.316
25.2585	-159.866
7.2348	-97.7166
-34.8934	-213.524
33.0988	-126.082
-23.8215	-287.467
18.5203	-238.279
22.9778	-111.141
-13.2796	-265.177
-38.4375	-212.874
-11.4299	-213.366
6.9487	-83.9078
1.29928	-124.424
-8.48312	-230.049
-3.97944	-213.079
-25.4901	-285.706
-23.7412	-243.15
31.6328	-218.974
9.63215	-280.962
-20.7948	-257.841
28.0929	-167.898
-34.7581	-81.8047
0.265678	-241.154
7.47308	-134.246
6.49015	-137.472
9.86604	-185.585
24.8111	-266.386
1.21896	-285.222
-32.6005	-282.209
-35.5674	-149.255
-27.7863	-152.044
-13.9091	-199.171
37.3971	-162.308
1.26566	-250.829
-4.3163	-97.1736
35.014	-40.2678
-8.46014	-285.214
-28.4055	-128.046
-11.8554	-44.8749
-14.502	-158.128
-30.4601	-290.542
35.9833	-230.351
-32.8588	-179.877
-24.8111	-131.201
-2.6607	-90.9118
35.7826	-184.841
-27.0236	-79.7843
-7.96971	-282.053
29.2598	-192.109
9.20285	-196.852
-37.2997	-113.56
23.2335	-141.043
-27.3557	-125.31
39.5157	-70.5392
-27.5402	-275.696
28.5909	-230.184
-11.3542	-154.44
29.9463	-152.709
-4.91604	-207.24
14.5443	-294.278
-4.85838	-173.241
33.2576	-49.1788
-0.537888	-136.845
-12.5589	-200.968
-11.9278	-149.914
35.4454	-107.829
-10.3639	-240.595
15.9524	-69.949
-21.9256	-179.462
-21.976	-295.923
-24.3954	-80.1432
18.7073	-73.7734
-20.9317	-41.2762
28.2473	-104.228
-24.9036	-106.337
18.1528	-49.2349
-16.6951	-209.009
1.93311	-83.7632
-39.1199	-137.268
15.7962	-59.6643
-6.53103	-270.253
9.56976	-235.379
12.9674	-142.636
-31.5645	-262.504
36.1183	-53.6986
27.9564	-138.791
19.7141	-34.0669
-34.4248	-242.273
8.88085	-281.978
9.74136	-294.669
1.84552	-51.2834
26.4669	-56.9589
37.4752	-39.6869
37.8292	-31.1275
17.4823	-106.126
6.7252	-146.074
11.1039	-255.469
-38.9837	-236.522
34.8858	-237.444
2.30069	-183.222
33.1394	-135.884
-16.1905	-78.9716
-16.2003	-281.229
-33.9724	-164.659
12.4702	-214.134
36.0004	-63.2342
-10.2473	-133.491
9.03206	-283.315
35.8851	-181.964
-15.7647	-98.7993
19.2236	-294.41
21.6891	-299.198
27.3599	-199.651
1.94631	-85.8066
-32.4649	-236.78
1.69848	-103.002
2.8852	-87.3967
-36.3734	-242.422
-8.31411	-67.0598
23.1589	-112.857
-0.105606	-268.58
12.4501	-95.5313
-30.4909	-285.774
2.96356	-42.4026
6.46344	-125.667
-33.0892	-79.2998
38.9269	-206.703
-2.97864	-179.384
20.2005	-190.518
-6.13814	-242.583
-31.0644	-51.2841
9.51233	-66.0996
-21.4199	-153.849
-30.2277	-91.9816
-1.82621	-82.902
20.673	-280.925
10.6023	-297.832
0.549625	-128.31
19.9197	-228.562
-31.1299	-89.5983
-11.153	-157.139
0.154663	-127.87
9.01651	-110.649
-27.0255	-143.66
-16.7074	-179.106
34.1377	-157.763
4.72313	-234.262
31.22	-261.864
-36.7616	-59.0627
30.334	-74.5378
13.6814	-273.072
-9.14766	-269.296
21.4245	-188.81
9.03684	-299.345
-31.3884	-43.9947
-39.2454	-191.628
15.4316	-39.6655
25.5119	-224.184
-17.9185	-113.237
28.9459	-89.1534
-9.72819	-122.306
-33.752	-153.933
34.1485	-63.6355
23.9674	-231.019
6.38038	-49.5192
-0.817001	-36.2562
39.0202	-236.834
27.5903	-143.354
18.1015	-137.619
2.29481	-269.599
13.2414	-153.017
27.1822	-123.413
-38.2905	-44.9998
19.4838	-277.507
9.76812	-290.958
-24.5593	-75.3541
-4.28788	-292.652
-29.3998	-85.9135
-33.2827	-145.358
-8.76072	-87.8389
31.516	-114.488
-18.5098	-153.429
36.4862	-291.51
-23.0482	-221.886
-38.1607	-256.431
25.7877	-265.958
-36.1014	-211.683
-10.9088	-155.939
-22.8908	-32.651
27.0195	-176.384
-2.0047	-61.9792
36.488	-199.377
35.3083	-241.034
13.2321	-143.431
-35.3153	-61.1775
17.0385	-194.804
-5.85447	-124.403
3.89339	-220.095
15.694	-224.431
-10.6705	-109.537
38.2882	-212.359
-6.98841	-88.3293
-17.6884	-89.7366
24.4907	-145.236
0.0137291	-115.102
15.8047	-223.02
-3.0551	-211.13
-22.0552	-162.959
-39.1635	-226.91
-29.5601	-167.129
22.6887	-203.029
-27.2656	-108.972
28.6945	-92.9599
-11.0544	-283.01
28.6216	-278.412
-16.5003	-207.866
-5.46115	-43.2176
-11.5956	-264.021
16.1381	-212.776
34.3953	-211.854
-28.321	-53.9827
24.5122	-298.073
38.0404	-282.543
-38.3412	-198.669
-32.4599	-48.3435
-0.263031	-59.061
-9.54647	-172.983
-29.022	-154.903
8.97351	-79.9644
-7.57629	-129.145
36.843	-228.604
39.4331	-261.918
-9.78329	-46.3017
-15.174	-76.889
9.88932	-113.955
25.2643	-152.886
10.8927	-265.197
29.5121	-272.888
3.44267	-185.419
1.25985	-68.3451
12.9027	-36.6326
-34.1396	-54.5508
-9.73264	-182.994
32.5686	-273.252
-7.09887	-267.842
38.1904	-208.48
33.9875	-51.2346
-27.1447	-297.531
-19.2362	-203.02
-0.185478	-225.034
-8.30527	-193.654
0.837666	-268.856
-29.0987	-187.274
8.93923	-191.269
-5.34637	-170.669
17.2139	-268.465
-29.6433	-254.575
5.41747	-261.461
13.3459	-242.089
27.5667	-298.175
-31.8618	-157.598
2.71923	-271.277
3.42456	-219.613
-16.9956	-168.748
-37.0098	-185.46
10.2638	-199.508
-14.2896	-167.801
-12.3355	-112.479
30.4615	-126.275
2.94101	-232.333
-19.4689	-242.076
32.0197	-103.748
-28.1818	-170.034
-20.2017	-273.577
31.2054	-217.616
-33.3414	-52.7755
20.5541	-66.2454
5.53776	-94.5579
34.5166	-178.796
6.10513	-261.928
0.7859	-195.156
32.9278	-89.1622
29.3718	-211.28
-20.9742	-117.069
4.32421	-147.777
-7.06515	-276.713
19.8727	-154.595
-3.08714	-118.839
-36.0847	-38.9832
21.1857	-141.726
5.02216	-181.276
-7.19643	-192.918
26.1542	-155.393
-8.56682	-283.257
-3.70308	-174.397
10.6023	-250.839
4.37086	-125.516
24.0612	-226.282
-13.249	-87.2384
-0.676891	-86.87
34.5852	-52.5463
32.7615	-198.152
4.64101	-144.287
12.7346	-224.125
32.9835	-174.48
34.7011	-273.317
10.2588	-67.417
28.9921	-62.3887
0.129654	-61.7754
-13.9205	-197.823
18.7736	-40.6206
-0.228226	-153.761
-1.27883	-117.328
-36.3102	-269.138
35.6139	-204.864
-0.39122	-116.911
-25.2347	-170.971
22.5556	-148.634
11.7913	-105.817
-13.9155	-151.168
5.81654	-278.227
33.1515	-287.423
-8.8217	-268.948
-8.74928	-224.406
14.9114	-277.43
-5.93488	-230.739
1.3641	-120.38
36.1343	-176.768
-34.057	-205.965
26.1804	-218.931
-38.743	-186.696
-17.1039	-289.638
9.24694	-178.352
-34.8912	-59.3676
0.648781	-252.631
8.10958	-149.201
9.04661	-168.878
-17.1167	-134.094
4.21497	-114.9
-7.47413	-281.068
19.538	-183.712
-34.5598	-123.79
35.4052	-279.994
-25.2545	-198.536
28.835	-93.2127
2.90647	-71.0621
29.3422	-39.7188
-29.8497	-96.673
-37.8924	-149.623
-13.8066	-34.1005
38.3388	-279.337
34.9804	-237.649
-20.0478	-30.3423
-39.2875	-179.373
33.0501	-106.303
-35.7056	-257.774
-29.8528	-36.1682
26.8216	-159.566
35.3866	-205.99
26.9071	-237.757
24.9287	-78.2144
-17.6403	-106.869
-9.96624	-91.1205
-13.4122	-293.414
-35.8622	-108.429
8.72138	-117.018
12.4988	-50.8145
7.52374	-120.181
12.9061	-176.201
24.912	-191.476
12.4152	-42.1009
35.0563	-196.446
26.0051	-220.94
35.39	-268.849
12.957	-185.579
28.5041	-199.573
31.804	-259.422
-13.1063	-200.937
-17.1323	-156.042
27.2993	-279.942
-9.12351	-188.641
23.5383	-115.167
0.517773	-286.143
-3.19552	-160.127
-19.9909	-149.004
-22.5717	-287.082
-22.4918	-50.5459
30.9448	-184.802
-37.7331	-223.644
-13.4772	-74.5921
6.24801	-210.769
-30.609	-254.023
14.2816	-292.901
-13.263	-250.115
-19.8552	-296.048
-4.15083	-85.642
28.968	-172.597
-15.3082	-248.673
23.7772	-220.358
-24.5821	-58.9354
11.2723	-49.7156
8.75548	-228.128
8.30356	-58.2046
-23.0186	-272.468
13.4555	-238.753
-12.8892	-272.139
7.78492	-50.2366
3.26411	-194.325
15.2598	-66.0411
-21.4926	-294.055
15.7692	-185.367
29.8908	-243.852
-3.55573	-263.684
-0.0613823	-253.088
-7.56129	-258.195
15.0274	-257.368
-16.8792	-96.9114
-10.6357	-224.321
1.12812	-208.614
-21.6919	-242.897
29.2403	-90.1324
18.7918	-57.2959
-0.890991	-153.632
11.9878	-232.14
-16.7889	-41.2325
-19.1277	-203.145
-16.1849	-167.532
-18.2525	-136.7
-31.1936	-100.986
36.3057	-256.573
28.9012	-237.3
6.93399	-120.182
-28.0391	-279.665
-15.1924	-135.067
39.538	-237.09
-2.2382	-70.524
20.4669	-254.79
-9.66263	-265.338
-38.9014	-140.17
9.87972	-141.302
-22.401	-117.617
-33.3811	-241.898
-8.77313	-244.197
34.7612	-143.675
-28.5039	-176.445
13.4272	-249.469
-38.3415	-232.309
28.5961	-209.019
34.284	-85.9509
-35.2747	-196.558
0.473549	-208.556
1.79583	-95.5792
-5.11501	-145.782
-6.04275	-148.915
14.5136	-58.048
11.8655	-69.6769
-25.3321	-296.832
31.9685	-146.655
19.567	-209.115
8.6363	-137.684
20.5141	-98.9723
-17.1115	-257.361
23.5234	-242.457
9.04754	-95.4983
20.2817	-49.8557
26.1127	-148.721
-18.2907	-173.747
16.1716	-159.681
31.8466	-241.704
-2.22196	-268.355
-16.7833	-167.083
-11.6817	-273.732
19.5095	-103.005
8.69315	-137.929
-2.38478	-127.35
30.95	-64.4173
-34.0863	-57.9117
39.9166	-37.3615
21.6579	-60.4048
38.6296	-276.586
31.6515	-109.232
-23.1991	-36.6531
13.4503	-280.476
23.3495	-158.753
-25.2493	-170.984
3.1637	-104.011
1.8912	-84.1538
-33.7983	-97.1563
-13.1588	-207
-23.4249	-197.534
-27.7536	-202.46
-1.68355	-237.991
34.3929	-177.537
4.06573	-106.632
-10.0294	-180.228
3.0311	-276.505
0.780964	-239.585
-2.09124	-286.126
26.5723	-157.212
6.06976	-197.531
22.5252	-130.983
15.3516	-45.7694
-5.79601	-151.267
-5.50649	-36.3728
18.6622	-145.578
-37.8059	-40.9105
-2.36753	-283.782
20.533	-193.626
-18.3957	-138.205
-15.0777	-76.3029
4.31388	-45.4087
-25.7252	-32.9673
-31.5943	-48.7054
-28.5753	-201.302
37.9545	-269.61
38.6577	-45.9231
4.59998	-222.089
23.6134	-85.9483
-20.2701	-69.9707
-9.52612	-213.469
5.81776	-164.648
-33.343	-147.876
4.37336	-70.0921
-39.356	-116.931
4.77784	-60.9375
-28.8056	-100.258
-8.62305	-122.925
21.7005	-234.319
-17.9914	-197.135
19.6326	-248.405
-38.2777	-186.63
24.4268	-291.75
10.0307	-296.225
-15.1239	-242.58
-29.5801	-89.1254
25.9507	-235.055
26.3866	-289.236
12.202	-251.425
36.505	-148.267
-5.42422	-186.777
-5.78646	-137.095
13.4951	-103.272
-10.9405	-298.149
-33.3767	-149.854
-27.5937	-141.003
-25.7798	-131.758
11.7736	-142.389
-31.4007	-62.0956
16.8273	-73.9964
3.29728	-168.643
12.0893	-196.942
-7.25465	-268.655
-24.3525	-134.884
-3.14727	-276.012
-20.7863	-195.33
-21.5759	-184.556
-22.5656	-297.748
-39.5877	-165.23
16.3963	-251.628
-29.2097	-227.644
34.4672	-283.475
37.9382	-130.641
-4.3561	-43.6648
-15.7478	-182.816
-36.3825	-285.679
-13.5038	-289.812
17.2945	-115.847
-29.0181	-76.1244
13.5601	-212.174
-13.2111	-40.8619
15.181	-294.064
1.58837	-70.4036
12.1828	-180.936
21.9888	-39.1566
-24.5971	-160.409
-15.972	-154.172
37.087	-170.711
-31.4297	-42.8865
23.4878	-128.114
-5.7739	-147.521
-17.1643	-292.875
19.7147	-259.796
-37.1731	-152.321
25.1455	-263.289
38.4934	-206.651
-27.7413	-225.175
19.1481	-72.6399
17.5208	-94.6425
39.7845	-52.2581
-31.6828	-193.352
18.1845	-33.1022
31.7789	-258.442
32.2781	-279.058
-10.4789	-167.262
39.9169	-250.289
6.10636	-211.512
-22.8179	-165.54
24.4334	-244.001
19.4883	-229.283
-34.3376	-68.2252
-16.1703	-156.381
25.1329	-123.582
7.33963	-61.1093
17.1741	-103.535
3.14369	-171.768
-38.499	-180.736
1.77597	-114.856
15.6323	-299.11
22.0606	-32.4763
-35.0426	-35.75
-38.0026	-88.3976
13.5004	-82.7758
15.0773	-130.358
-35.5342	-214.023
-2.82895	-243.768
5.04091	-106.943
6.55902	-285.337
-18.0554	-197.318
16.1819	-172.14
22.6693	-193.299
-27.7476	-248.177
26.0065	-285.33
-4.98784	-135.513
36.7428	-247.105
21.1969	-293.497
-16.581	-191.447
31.2027	-221.624
35.1983	-293.61
-30.3128	-33.3587
-20.7305	-206.331
4.741	-209.359
32.9065	-117.21
-22.8399	-155.078
37.2861	-112.244
-31.2228	-61.799
21.0475	-65.4285
-38.7132	-221.07
29.0225	-47.7198
-26.6894	-192.577
19.1742	-212.742
-27.6477	-191.878
13.1555	-101.591
35.5199	-242.492
16.5341	-284.811
-1.05509	-273.697
-31.7105	-297.803
-22.4315	-216.709
-28.7345	-112.159
20.7662	-130.561
-18.8455	-83.34
26.9485	-299.743
6.93549	-153.748
8.96659	-285.929
39.5874	-176.173
24.1813	-212.823
12.9168	-250.704
-13.2015	-181.548
19.6617	-72.9349
12.4338	-138.592
-35.8885	-181.335
11.3065	-98.7362
3.56358	-150.938
5.44127	-177.214
-34.1154	-238.171
4.04545	-226.58
19.4469	-282.762
-15.2318	-297.228
3.79115	-177.163
25.6626	-248.001
-10.4216	-176.555
39.6171	-45.3411
26.298	-135.996
-16.3787	-288.693
-14.9214	-276.682
9.69952	-53.7493
-1.56144	-49.4967
7.93549	-81.1041
-24.7351	-144.063
36.9748	-57.0536
-15.3441	-258.779
8.25955	-239.587
6.27559	-86.0514
-15.8726	-216.502
4.55268	-163.478
-21.2875	-231.334
14.7779	-249.22
32.7098	-205.844
15.834	-74.2544
-11.4321	-105.313
-6.43921	-262.977
-37.4968	-44.8744
-30.3802	-275.049
-33.0558	-284.147
32.4624	-56.9152
-8.46137	-295.077
-35.1831	-183.931
-26.4361	-107.761
-12.205	-144.692
6.60096	-212.051
27.5961	-91.084
10.3629	-43.761
-7.80319	-216.65
-34.309	-43.1954
-35.0388	-103.203
5.36536	-273.001
23.7126	-264.884
-36.1409	-249.563
-38.3392	-114.897
14.8653	-246.969
6.18889	-102.1
5.31305	-224.221
-19.1349	-156.658
31.8868	-32.9174
-27.0778	-250.709
38.9132	-63.4713
-25.2992	-115.97
15.1024	-70.0365
0.0427208	-68.9864
-9.76528	-109.767
-1.17937	-41.2906
-12.2135	-122.085
21.6124	-202.25
-34.2953	-255.014
-14.2854	-175.561
-9.15287	-210.097
-38.7078	-274.038
24.1605	-130.802
-21.4264	-121.926
-2.86982	-91.8752
-25.8209	-204.909
29.6163	-58.9984
32.2235	-245.965
33.5787	-234.552
17.6893	-199.384
-29.7728	-226.497
14.6777	-56.8122
10.7421	-127.348
-5.73093	-51.0331
-7.89186	-212.396
-21.2865	-40.7297
23.8868	-241.636
39.5047	-39.2975
-2.08958	-184.357
13.5978	-192.497
9.06684	-236.371
8.83606	-151.7
-28.6324	-135.294
21.742	-285.252
20.6757	-149.421
-29.6925	-97.548
21.6389	-184.35
2.66489	-136.344
27.7562	-207.094
-38.4648	-151.929
-2.09324	-275.393
-13.1372	-295.609
-36.457	-146.503
-19.7713	-187.72
-15.8142	-128.616
-3.82347	-73.1389
30.5894	-284.228
4.41393	-140.796
-34.9854	-44.9834
-39.5527	-118.866
-15.0006	-198.307
-4.64923	-221.52
-14.2449	-224.682
-22.1943	-280.637
35.7868	-104.441
28.391	-289.791
9.78563	-196.024
-20.4946	-169.05
-35.9178	-97.6165
-30.7694	-101.147
1.77454	-97.256
31.0877	-292.098
39.666	-95.9481
-9.9422	-79.4292
-23.2225	-35.6339
-23.1216	-159.808
24.2855	-133.429
-16.3307	-69.4517
-36.4559	-39.4646
9.42914	-280.387
34.3001	-108.846
-37.4011	-170.098
-20.4823	-58.3678
-7.14749	-125.647
-5.17437	-72.2792
22.6594	-225.446
2.79923	-253.113
32.4581	-36.6008
-1.9229	-186.197
37.2341	-220.781
34.4778	-179.566
-4.33774	-151.895
-14.7599	-39.5513
21.396	-169.351
-11.724	-232.644
-2.00404	-148.826
-0.677299	-126.53
7.34996	-227.159
-30.1356	-205.297
-21.9849	-116.74
2.21359	-195.161
-37.8762	-270.714
-14.8726	-281.473
-32.0417	-246.503
9.59263	-191.73
31.0047	-232.715
-11.0003	-293.128
-30.1638	-61.3443
23.5946	-95.6478
22.1266	-87.672
-27.6199	-228.695
-33.0732	-105.691
-22.6691	-141.154
17.246	-223.706
-20.8626	-207.038
16.6707	-285.036
8.73507	-185.366
-16.119	-81.4153
-12.0389	-273.087
13.8176	-262.5
14.7212	-202.044
-24.3326	-167.114
-16.5216	-287.152
20.0375	-82.2509
-11.7108	-193.696
-6.84507	-258.675
21.2138	-158.42
-8.87024	-193.952
26.4439	-217.402
24.4109	-56.682
14.1572	-179.867
35.9664	-73.1212
-5.78331	-276.015
12.9521	-86.0235
10.4808	-231.178
24.841	-245.53
-15.6149	-93.1781
23.7346	-81.7948
-19.4558	-273.427
-39.5254	-246.589
-5.72657	-90.9102
-1.8186	-170.195
-33.4489	-55.2935
-11.5975	-258.224
24.2077	-93.887
22.7907	-120.112
-13.0742	-162.169
21.6401	-86.1821
-27.6212	-180.225
19.5622	-227.146
20.4926	-152.546
-15.138	-264.453
-5.5062	-256.987
-32.8537	-173.781
-21.6364	-267.03
17.6302	-175.892
-15.8552	-220.424
39.1322	-164.055
-8.33165	-226.732
33.2635	-276.59
-26.8135	-114.588
35.8855	-140.451
-30.3781	-159.21
-23.4508	-212.808
26.7857	-148.805
-20.9731	-55.313
13.7647	-146.708
-16.9958	-207.846
3.89711	-179.636
-23.7918	-56.9433
-24.907	-299.781
4.51769	-210.776
26.8627	-69.5839
-20.833	-191.077
37.9897	-96.4738
12.2231	-84.6742
0.996727	-279.587
5.71867	-73.0223
-33.0445	-254.442
-0.721153	-93.6611
-36.0841	-151.31
38.4324	-198.12
29.7802	-291.542
18.8991	-78.0146
14.357	-105.054
26.3368	-224.074
-13.1341	-193.402
-31.3938	-195.139
-15.3259	-101.674
-8.68139	-235.107
-22.44	-98.2153
2.07493	-153.502
5.43465	-131.658
18.1465	-157.492
-16.0235	-74.3925
18.462	-63.0761
-3.00594	-195.209
21.4102	-37.8525
-18.9553	-65.1139
7.82975	-35.5569
-6.22889	-266.617
-39.0681	-291.391
-35.249	-88.8388
10.6952	-161.576
6.42447	-94.2833
-8.51977	-54.0715
-33.4833	-280.044
-3.76726	-187.328
-7.59628	-136.68
-32.8548	-32.9397
2.40879	-123.379
15.8942	-145.561
-0.563595	-209.436
3.65406	-224.008
16.2234	-212.086
9.22323	-285.144
-35.4358	-178.344
-20.5128	-211.102
15.5983	-166.006
-7.42511	-211.303
-32.0914	-116.463
35.9758	-172.174
-34.8027	-261.246
-28.8392	-167.392
25.9339	-129.172
36.4867	-48.059
34.8613	-79.9757
20.434	-110.61
-29.1456	-45.7497
30.6143	-181.634
-35.6814	-250.287
-16.0358	-43.8851
22.2725	-191.135
-29.0028	-264.838
12.5957	-223.876
4.46513	-48.6765
38.7091	-208.997
33.4633	-183.309
-25.333	-73.1032
12.7002	-226.889
-0.919197	-181.77
-26.0828	-226.232
12.5425	-69.4289
33.1935	-179.886
-29.8234	-135.025
27.1106	-269.204
-21.8221	-82.1111
-26.3149	-246.654
31.3446	-247.896
-36.0733	-255.025
33.3608	-270.092
-10.6234	-87.3577
28.4232	-132.588
32.2955	-153.262
-8.16475	-196.281
-26.2294	-287.912
38.8144	-106.775
15.7761	-211.107
19.7024	-151.11
31.7755	-186.547
15.661	-168.581
13.0294	-54.6993
25.7496	-134.333
-21.924	-253.181
15.8129	-181.608
15.716	-224.323
34.4098	-287.883
13.2476	-71.7999
37.2944	-210.28
35.2176	-270.273
34.4912	-277.505
-29.7314	-110.529
2.48199	-272.257
27.4325	-91.7716
39.888	-125.183
35.258	-60.9989
-18.1546	-41.2385
-23.4615	-164.894
28.3309	-275.646
-0.83646	-63.3128
7.86863	-240.352
-38.5059	-65.0627
12.3236	-49.7356
0.796494	-244.252
23.7379	-110.004
-16.63	-275.5
16.6948	-45.6001
-2.90874	-183.413
-24.777	-108.286
-28.8447	-238.414
-13.3249	-53.266
37.8772	-252.499
35.1089	-157.23
21.0543	-88.8634
31.9731	-115.689
-13.0225	-70.787
24.4292	-67.3932
-35.0878	-52.9302
-22.0901	-260.881
19.1261	-46.8934
30.8329	-66.7538
-24.1438	-92.5052
27.6238	-89.712
-15.986	-199.232
0.266342	-212.156
3.4153	-131.976
-12.2825	-118.773
3.99309	-32.8409
-2.84092	-283.379
19.138	-131.345
7.85698	-219.16
-6.28094	-78.2006
-9.21982	-258.073
32.0493	-146.41
-27.9557	-139.485
3.86176	-136.944
-6.14598	-220.989
-9.55352	-194.548
-18.3416	-187.344
39.0337	-112.9
18.2887	-166.093
37.2316	-126.647
0.584961	-161.255
20.2281	-219.061
15.5519	-220.476
26.0191	-260.922
9.97882	-188.658
-34.1317	-151.827
0.684502	-116.308
11.243	-298.005
-5.60413	-79.0272
6.3126	-257.755
-1.72752	-46.8275
8.31089	-271.081
0.724102	-106.915
-8.40212	-122.422
-10.5603	-286.35
-25.194	-240.787
15.6947	-282.389
-26.1707	-96.6203
-6.94446	-208.308
-9.15562	-82.0581
33.4674	-121.383
21.6516	-240.656
39.1907	-298.974
12.1169	-176.82
39.4018	-291.49
9.24139	-288.712
-18.3673	-168.129
-28.8832	-286.342
1.91156	-35.4787
-12.2745	-199.831
-6.95514	-83.8335
8.01224	-69.7337
-22.6081	-289.64
-27.2876	-201.485
30.3771	-134.068
9.84406	-135.922
-13.2821	-172.463
16.159	-235.82
37.7658	-258.195
20.18	-80.1116
7.6337	-161.289
-36.6575	-162.98
-37.7748	-78.6247
18.7297	-234.789
-37.1598	-67.8792
8.81408	-223.341
-36.7895	-36.2722
-5.96799	-137.563
-4.9617	-287.825
-19.8487	-122.058
20.2851	-113.867
14.2213	-144.847
-26.5711	-162.751
30.8728	-260.989
18.0101	-115.507
-6.83665	-126.957
13.7932	-74.3195
-26.238	-162.704
-22.6982	-48.8109
11.7859	-248.417
-9.6888	-244.714
-16.6363	-173.158
-23.9673	-31.4939
29.1041	-81.5888
9.25941	-56.3911
12.3428	-176.426
24.8337	-114.096
-2.41315	-145.039
-0.843338	-182.588
-20.6049	-238.546
7.13011	-240.898
2.04079	-189.684
33.2117	-283.715
5.27789	-299.548
-31.2899	-50.2009
-21.4995	-202.494
28.2045	-118.588
-12.9499	-106.335
36.4782	-205.702
-11.1539	-192.318
20.663	-290.067
37.0489	-48.8675
-28.9738	-83.806
18.7384	-62.9152
16.7371	-207.839
0.305904	-182.851
28.9517	-171.756
35.6401	-181.997
16.4316	-231.814
-5.1125	-67.7026
19.0605	-227.475
-17.7885	-189.021
-37.1397	-97.9041
-21.8553	-272.75
-12.9287	-177.445
24.9472	-261.053
21.2925	-118.391
-21.8907	-116.704
22.9734	-216.965
-9.42386	-282.033
26.624	-197.599
16.549	-242.653
-19.0821	-129.735
2.23335	-297.592
27.0576	-152.044
20.3536	-292.38
-27.1711	-33.6497
34.8796	-205.036
13.3439	-197.78
11.7762	-160.04
18.5085	-282.786
26.8431	-82.7491
2.11966	-181.014
28.6439	-185.607
-22.3379	-246.698
7.87345	-284.435
-29.4374	-67.3748
-14.9567	-72.3225
-27.6068	-259.665
-16.2611	-83.505
13.6738	-100.51
6.17554	-51.0264
-22.1339	-246.629
-30.2161	-201.01
3.10654	-79.5423
36.3111	-120.866
9.2944	-77.3641
-10.5559	-133.41
37.1083	-142.303
-18.2353	-282.226
-19.3262	-299.94
0.713844	-104.158
13.0707	-123.804
-17.5786	-37.6389
25.5964	-251.658
10.1139	-72.8764
8.77503	-296.551
0.780491	-201.488
21.4936	-140.324
-2.89779	-256.71
-3.0993	-297.66
-17.7745	-288.458
19.5486	-241.754
6.07378	-81.4216
-32.7137	-267.707
-38.6154	-204.632
-37.618	-241.534
-25.8596	-196.423
-17.1084	-63.4645
-21.5336	-75.2778
33.8471	-183.765
-29.5262	-244.146
0.288483	-176.449
-35.1378	-61.7709
-20.0113	-97.4697
-39.5118	-119.205
-6.38058	-159.004
19.2587	-273.522
9.44315	-162.303
-33.971	-272.897
-26.7198	-76.1773
38.9752	-146.558
20.0215	-178.551
20.0181	-96.4398
4.46001	-256.16
32.6802	-215.071
-17.6946	-84.914
-10.5842	-124.114
-12.3833	-199.232
16.3861	-86.688
36.3703	-118.553
-20.8066	-75.074
-1.78138	-269.571
-2.36164	-51.4899
30.6894	-133.902
32.9672	-166.762
-7.24604	-85.8154
7.09278	-259.714
-10.4523	-90.8051
20.6925	-135.655
-6.5186	-102.265
1.54404	-46.9607
-21.0443	-70.1702
4.48515	-294.476
13.1038	-127.249
-32.4237	-177.214
39.0824	-283.583
-33.5949	-194.51
-8.60215	-137.34
-33.0476	-221.752
8.4795	-31.6331
-1.90976	-232.218
-23.9122	-66.2317
10.0964	-293.064
-9.02979	-238.196
35.9865	-161.927
-27.7608	-98.63
29.5739	-184.719
6.66906	-132.018
5.27302	-213.646
-30.2503	-263.244
20.0293	-202.603
-39.4419	-88.9917
-14.4545	-86.8802
-34.379	-194.998
1.14363	-261.075
-36.4728	-161.687
-20.2709	-215.09
14.7349	-298.477
-16.6567	-172.976
30.4136	-89.5089
0.965736	-236.558
16.981	-179.32
-32.5348	-81.6195
30.4776	-80.4695
-0.279118	-82.7646
1.97531	-49.7738
8.30777	-290.587
23.0447	-80.4669
37.3346	-265.704
-19.588	-269.147
28.6615	-211.194
-12.9286	-261.084
-16.4452	-174.582
-39.6781	-249.331
10.1491	-49.1937
1.54476	-134.139
38.8465	-45.2892
-19.0597	-281.472
-6.94813	-227.934
1.7907	-279.963
-30.8791	-128.766
9.75667	-263.548
3.10358	-137.675
-1.75515	-125.631
-30.9972	-217.336
-12.7636	-288.07
-22.3736	-277.999
20.9611	-56.846
-29.8353	-293.657
29.2782	-63.1628
-8.0976	-211.933
-32.487	-228.687
30.2454	-153.925
-23.7325	-54.0564
26.0511	-73.3364
-0.738503	-264.423
-21.6579	-128.713
6.61684	-50.0388
-38.4821	-222.868
-35.9303	-236.13
-13.9816	-115.754
20.5784	-245.577
-33.8459	-146.623
14.4012	-77.4368
-20.406	-137.398
-16.1857	-95.0087
-23.493	-209.213
11.1615	-48.7626
24.7892	-88.6645
-9.54643	-179.175
-38.0227	-116.669
38.8204	-137.469
-37.5938	-259.583
17.4553	-130.523
29.1001	-40.1714
-2.25294	-120.85
16.4606	-297.917
-4.2778	-166.196
27.593	-145.162
23.6461	-114.229
28.5048	-66.0874
26.8171	-228.379
-16.478	-299.753
17.8496	-260.622
2.60294	-108.163
15.6128	-42.5481
-17.1266	-49.5774
-1.24419	-75.3894
-4.83717	-196.753
32.0063	-56.6317
9.32277	-195.252
16.2462	-54.0565
-29.1358	-158.943
4.3279	-189.838
2.54758	-189.281
-5.91167	-243.07
-27.4578	-154.183
-26.638	-101.414
2.23102	-36.9037
-27.0808	-93.811
-19.3971	-296.614
-14.6542	-83.8569
-3.36814	-292.233
-36.1291	-128.87
-6.28687	-274.032
9.51522	-184.504
-12.3993	-228.276
-37.2091	-227.997
11.9406	-106.606
-11.8484	-101.561
19.6814	-154.996
20.7557	-35.5364
15.8053	-141.481
6.18763	-147.807
-11.1908	-151.696
20.3902	-242.644
15.3062	-186.607
17.3502	-205.914
-21.5874	-233.246
-38.3376	-130.731
-34.472	-253.426
-4.32999	-265.987
1.34295	-276.635
-26.0319	-222.995
-0.204231	-86.2796
-37.6517	-231.948
-29.2066	-107.548
1.13053	-164.978
-11.7102	-85.3416
-11.334	-268.875
36.1158	-155.895
13.5399	-224.963
37.5383	-107.441
4.15219	-77.6747
11.8146	-33.0893
20.7054	-34.1504
10.3094	-189.258
14.4898	-291.897
-7.85966	-65.9484
-29.7049	-256.55
-26.142	-74.3019
-15.8177	-118.335
4.94861	-264.134
-9.85573	-66.956
22.2903	-143.462
-9.00191	-33.7448
16.0693	-200.215
-19.4532	-186.453
-38.9565	-195.689
4.74983	-218.905
2.74548	-204.632
-11.3686	-259.14
-8.82938	-121.648
-32.7677	-217.602
36.2586	-161.472
-39.5843	-139.09
0.410713	-70.7471
35.7518	-46.604
-12.5494	-108.482
9.70244	-279.814
23.3611	-149.733
2.17208	-64.9811
-9.51739	-210.276
-39.8292	-117.239
-10.8555	-144.467
24.5714	-93.9571
-8.63415	-226.956
16.7773	-71.212
-37.6521	-107.846
33.2125	-62.4092
-21.4468	-58.6537
-29.9046	-42.001
29.5685	-228.804
-5.00976	-125.483
-31.5942	-251.338
7.36839	-170.783
-22.705	-54.4151
7.22776	-271.99
16.1592	-84.469
26.9279	-287.991
2.7478	-227.327
-11.4373	-155.47
3.93456	-73.3121
-15.3371	-55.628
0.436703	-204.228
20.6943	-148.361
26.4291	-45.2897
-34.2544	-244.137
18.1514	-165.523
-16.8681	-170.554
-16.5598	-163.327
22.2677	-283.162
3.08751	-34.4567
-1.22965	-264.146
16.048	-125.134
20.9161	-44.6186
-25.0809	-90.6262
-14.9242	-70.2694
35.9434	-126.771
-22.7821	-80.7823
-0.403713	-169.721
23.6869	-40.493
18.7108	-289.119
23.2833	-65.4522
-31.5259	-77.0178
-29.4589	-211.722
31.2006	-66.0138
38.8425	-144.665
-28.1023	-239.888
23.4904	-194.449
38.3211	-285.309
-11.2251	-190.241
-31.9598	-79.3993
28.207	-82.0922
-20.8049	-234.673
38.1593	-225.271
-21.0141	-101.091
-12.7414	-90.3312
30.2663	-149.287
29.2397	-93.596
-3.96711	-48.7254
-31.798	-69.6388
-18.0988	-258.167
-14.9171	-168.191
19.8407	-289.469
24.8006	-196.716
20.4935	-128.281
3.61012	-94.8482
36.6787	-140.228
32.6291	-64.588
25.0571	-106.939
-18.4049	-138.872
-4.59322	-253.804
-7.4106	-95.4529
-21.3526	-169.527
-18.9015	-277.852
29.4736	-174.664
-18.1617	-57.95
-2.643	-291.631
18.0616	-274.742
19.41	-55.6006
-29.934	-237.292
-11.8769	-294.668
8.45907	-116.402
36.8764	-97.6003
37.4787	-31.7487
22.3771	-246.236
27.8216	-111.625
18.8012	-51.3932
30.8316	-49.7061
-29.4674	-147.947
26.7424	-149.814
-14.5445	-273.005
-38.3819	-270.104
-8.73694	-141.899
33.5976	-85.0896
20.3714	-193.355
-11.5302	-173.024
-2.21946	-137.931
13.3409	-157.323
17.4266	-170.552
27.6691	-231.802
17.167	-100.675
30.0346	-255.402
-17.1423	-150.748
-19.0593	-226.939
2.05102	-139.718
-24.5669	-100.508
36.9901	-81.1889
-1.68661	-108.21
34.993	-188.747
-5.94045	-219.131
38.7823	-43.8559
5.2374	-220.711
-25.7305	-66.9669
15.1534	-218.606
-36.6333	-274.296
37.2916	-283.181
-19.6526	-46.8286
25.4904	-123.941
-20.6206	-172.303
-23.4514	-181.871
29.5722	-36.6841
15.2183	-196.646
-18.1763	-59.9335
0.286095	-148.643
-0.347244	-171.849
37.4634	-67.3387
15.3826	-144.551
-20.2504	-86.8606
-6.88873	-148.558
25.3475	-107.506
-20.8321	-222.032
-24.3985	-122.98
-11.035	-273.329
-19.0491	-66.5988
-11.2825	-158.457
18.951	-256.563
-35.7956	-297.949
-13.5544	-185.074
7.56021	-101.737
-22.8121	-87.8203
-33.4031	-212.281
5.93342	-291.014
9.20464	-203.124
-35.2358	-276.943
-22.5302	-258.536
-23.0422	-96.5471
-15.1077	-212.796
32.1091	-287.268
-9.11735	-256.96
37.8061	-66.5432
2.82383	-82.4455
0.26342	-277.57
25.3746	-129.189
13.0471	-178.478
22.7152	-192.608
6.71758	-98.0354
-4.21819	-197.156
-12.8006	-49.5188
-4.43725	-45.7523
19.4849	-47.5507
14.8558	-52.2243
-39.887	-52.3848
18.2233	-289.031
17.3484	-145.446
36.2572	-201.79
2.17944	-78.3965
9.60257	-233.03
38.7362	-278.158
-22.265	-96.2348
-1.07072	-111.132
9.86589	-145.455
-12.2132	-130.244
-27.4087	-30.8878
21.0621	-175.746
1.58379	-183.054
-38.3549	-82.2983
-30.8963	-56.3065
33.0449	-98.015
20.2351	-133.47
-0.174946	-43.1966
-27.4133	-128.635
3.81886	-218.139
2.06513	-58.0186
24.2676	-38.1053
-3.15504	-166.148
14.9035	-39.2202
18.0124	-173.855
4.45353	-69.0831
-19.698	-215.042
26.3593	-247.451
22.2182	-158.646
-36.9495	-80.477
-21.9276	-216.179
-23.8296	-85.8946
-25.4941	-120.641
15.1998	-102.562
-26.1533	-154.389
-35.7827	-175.93
35.2901	-234.91
-13.1477	-144.918
36.7756	-256.369
23.7877	-147.166
23.7904	-222.469
-35.1703	-287.855
-16.889	-87.0479
20.2612	-158.842
15.7112	-138.952
5.72534	-225.944
7.75612	-50.1669
1.84247	-156.831
-23.6765	-225.605
-31.4378	-296.1
1.48802	-172.927
0.862503	-284.061
17.0284	-140.793
14.5673	-270.02
-7.09385	-241.346
-2.07348	-276.367
-5.95716	-292.672
-5.88058	-215.182
-27.8231	-153.705
34.033	-203.763
27.6258	-60.8611
-13.6285	-181.573
-38.41	-283.025
1.89197	-244.329
-12.4893	-222.413
-21.7851	-113.022
-1.29417	-127.94
-26.7003	-218.779
-28.8948	-69.4844
-36.9108	-179.133
25.3127	-121.531
14.9429	-99.1914
-28.5409	-247.674
-24.588	-35.4608
35.3506	-177.654
-7.78795	-169.304
10.6783	-255.317
-10.7449	-293.54
-5.70913	-87.7342
37.45	-287.277
11.006	-161.3
38.8072	-262.82
22.9969	-284.796
-37.9839	-70.5774
-6.2623	-288.013
-12.4206	-146.551
-1.72908	-39.7886
-6.35252	-222.288
-8.05293	-82.0479
26.4306	-175.765
-24.248	-106.333
17.958	-30.0912
24.1989	-261.938
-27.3731	-292.726
35.2269	-260.523
-29.6701	-261.825
-24.5256	-192.835
-10.0039	-37.1399
15.816	-127.19
-17.2638	-42.0819
-33.8881	-210.857
-6.05916	-266.009
15.9923	-52.156
-36.0533	-219.116
32.4853	-245.614
14.4151	-50.9175
-33.0832	-33.8845
21.1182	-249.127
-4.66672	-251.456
33.2472	-271.711
33.5895	-165.561
-29.7831	-86.256
-2.54787	-97.0745
17.1741	-188.29
19.2047	-272.417
8.45391	-151.311
-37.8744	-43.5696
-30.963	-73.6944
-36.7004	-226.278
-8.05298	-290.002
21.7545	-30.4946
-36.1059	-53.2557
2.36161	-79.1964
-39.8987	-178.893
-29.0326	-230.182
-39.0849	-186.133
35.8421	-208.051
-38.6719	-110.411
15.6893	-146.852
17.0211	-60.9456
29.9887	-117.857
0.910332	-79.9334
23.0336	-84.7387
6.13394	-68.1491
39.2197	-220.544
-7.74158	-46.0916
-28.8762	-173.216
10.3482	-60.1591
-25.8433	-194.436
7.7679	-208.29
-3.55513	-262.21
-3.17212	-251.133
-12.6062	-263.22
-16.5673	-257.865
0.503098	-182.483
-13.0963	-215.107
17.3714	-140.147
18.4627	-199.777
-21.7724	-36.2306
3.05952	-56.1203
-8.32162	-197.573
19.0581	-50.5649
-6.96149	-56.3642
28.1445	-152.103
32.6235	-257.032
-32.4714	-231.253
4.49492	-223.946
-32.9567	-45.5569
-3.56822	-146.147
-36.4133	-93.3054
-36.5085	-177.847
-24.8347	-153.939
33.2182	-276.01
14.2648	-244.415
35.8238	-66.7127
-28.9911	-138.682
25.4366	-272.86
-18.6687	-232.814
-29.7841	-241.378
12.1015	-174.872
34.7351	-89.4354
-0.780643	-123.171
-26.6491	-275.469
-33.0147	-161.106
-3.30544	-145.304
-4.84822	-230.038
-6.6375	-295.636
31.2156	-150.079
-31.3618	-135.797
23.689	-212.595
-16.1459	-79.6881
-37.5077	-83.1773
5.61613	-205.693
23.0763	-290.529
23.8332	-99.8366
35.5673	-99.3568
-15.9491	-217.187
16.2423	-56.5969
21.2158	-204.623
18.8882	-228.398
16.4278	-273.518
3.78246	-39.101
28.7681	-38.9586
-5.47785	-194.282
0.925476	-87.7373
-9.30264	-216.989
14.5389	-123.119
-27.2499	-221.895
-14.2648	-182.649
-32.3323	-259.079
29.3499	-109.199
-22.8203	-102.374
-24.5963	-163.349
36.1751	-259.577
17.1177	-195.71
-14.8024	-295.546
24.1517	-103.677
37.9066	-30.1788
-32.8414	-222.128
20.3879	-77.1933
37.6816	-44.2705
-29.3366	-59.7729
8.99706	-290.245
-37.6304	-122.115
26.9514	-262.215
10.9952	-291.736
-16.2192	-168.809
-12.8891	-241.918
26.4998	-145.527
-4.09359	-97.1574
20.1457	-219.57
-14.3989	-145.552
-39.3832	-64.5291
20.4463	-57.9922
-32.2963	-71.827
24.0009	-233.683
-7.61092	-238.093
-3.46735	-223.776
29.038	-108.98
-27.348	-67.5622
-5.99244	-287.917
-36.6425	-156.666
30.0086	-145.275
22.4626	-268.112
35.8986	-102.216
39.0494	-252.409
11.6886	-65.9882
-24.2297	-56.5006
-29.4844	-289.864
-3.36768	-161.951
10.6178	-83.2718
-11.9029	-50.5228
21.7709	-256.161
14.8882	-81.2803
33.1972	-227.367
1.20314	-231.851
-33.1581	-86.2128
-33.2401	-234.72
-24.1251	-228.879
-3.62656	-43.988
39.4183	-100.87
1.55981	-85.7252
18.3681	-256.508
-32.4855	-155.42
-5.77581	-188.636
-39.4071	-68.4557
-6.43914	-74.1882
37.2161	-279.669
16.3023	-91.6932
-15.604	-227.716
-9.63916	-233.923
-10.9181	-60.6811
12.5095	-140.713
6.3383	-260.087
-3.1006	-236.104
-21.7159	-33.3096
-13.9836	-269.019
6.23619	-216.39
36.8294	-217.54
-14.5068	-295.404
31.2006	-73.899
-18.9348	-169.143
-38.9099	-289.861
24.1964	-52.877
0.241264	-89.8703
1.32671	-64.0891
15.3775	-217.314
-5.70214	-76.9208
-18.4436	-252.354
25.3255	-162.822
-15.9594	-179.94
35.2091	-251.753
-12.4594	-225.242
-16.9201	-215.77
28.2773	-135.653
3.71451	-49.3569
-34.3477	-82.0068
-32.7787	-240.265
-17.8636	-132.399
3.75576	-108.545
34.1145	-35.9937
1.20075	-68.6515
33.1108	-297.283
-28.4208	-241.511
-2.68671	-140.506
28.8533	-74.3337
-10.7868	-295.573
-15.5263	-193.548
-39.4808	-32.5656
-26.8961	-82.6765
-3.26413	-198.046
-39.254	-69.8735
-34.135	-222.22
-11.2335	-30.958
20.5389	-98.1127
-26.7701	-89.6656
20.7645	-197.298
8.41443	-252.835
-19.6142	-180.094
4.52003	-294.098
38.9077	-275.522
7.39531	-170.543
-25.1142	-63.6128
36.5666	-87.2298
-8.87685	-215.718
16.8109	-208.564
3.62928	-61.1001
-2.71918	-80.0376
-26.4726	-91.9755
19.9368	-75.5834
5.28467	-213.975
38.0867	-290.95
5.8107	-104.177
-18.918	-45.5759
-31.6085	-244.126
14.7417	-205.457
-3.83995	-160.374
-37.8549	-261.391
-24.9061	-70.5964
34.8671	-171.5
-10.0349	-107.279
36.0509	-35.2745
-23.2183	-265.285
-2.98177	-194.285
-36.0922	-30.789
24.317	-226.938
-10.4958	-96.1791
32.4946	-266.104
-0.687225	-46.2634
-23.9063	-35.3951
-21.7077	-153.946
24.2009	-40.1686
23.3904	-216.657
29.1616	-141.885
8.01321	-220.438
30.2088	-283.791
15.6511	-298.207
34.3248	-49.8574
1.10336	-237.499
-28.4875	-41.254
-7.32562	-193.909
23.6202	-177.031
0.0706253	-247.443
18.8804	-86.8645
23.1446	-203.76
4.08939	-103.868
-22.4113	-40.1991
21.9161	-85.4094
30.5134	-259.443
19.2817	-255.021
-24.7932	-58.6214
-18.8475	-131.575
9.04722	-288.781
-2.35137	-235.033
26.8174	-211.62
9.59458	-101.413
32.2649	-53.9243
-32.7021	-257.255
18.0285	-70.9429
20.5927	-30.8526
30.9751	-294.525
17.4157	-165.723
-12.8739	-198.946
36.7916	-39.3285
0.181839	-69.0789
17.0942	-229.283
-9.63067	-136.527
-8.94935	-35.1233
-18.5461	-173.638
-37.3484	-274.942
-0.296673	-206.29
36.3278	-260.159
18.5942	-287.325
-13.178	-72.3327
38.5635	-50.7199
-36.9799	-57.0785
-23.4408	-269.116
34.0954	-169.636
-33.9525	-128.001
1.70292	-189.438
-12.353	-221.218
5.49456	-236.206
2.62401	-262.833
28.4312	-236.265
-19.1451	-212.484
-24.6445	-293.567
-25.8336	-53.8245
-9.19455	-243.347
6.54066	-177.508
21.027	-190.791
24.3891	-69.9071
9.74504	-154.348
-24.1961	-191.628
-5.20179	-69.3367
-38.0438	-281.115
-17.7052	-101.363
1.97607	-254.382
23.3262	-291.966
36.8667	-39.6859
0.211235	-285.233
24.7984	-263.918
9.48492	-180.339
33.6813	-130.563
14.7546	-139.539
14.4538	-75.6803
-38.4948	-30.6801
13.7185	-83.0463
8.03594	-262.037
1.49345	-290.657
19.8156	-220.052
-24.4531	-268.815
7.38267	-45.3181
-1.60892	-217.219
14.0221	-257.549
27.4471	-80.126
-24.4353	-182.04
0.737473	-87.7974
33.1285	-122.433
39.1942	-285.461
-32.0262	-250.373
-4.03571	-223.875
2.48507	-50.8179
39.2463	-40.1995
-34.5975	-207.701
-38.9504	-161.442
-17.7392	-82.3088
31.9156	-171.775
-36.4838	-31.3938
16.1749	-147.479
-12.4224	-216.182
-0.373627	-215.653
-12.702	-184.267
-3.88223	-47.866
-4.05431	-182.215
-18.0147	-296.554
-18.447	-169.598
0.0071106	-62.1531
10.1467	-147.532
9.95864	-74.2026
-20.8181	-53.5811
-37.7322	-181.905
29.7575	-258.65
-28.6071	-239.554
-34.5108	-221.716
35.5502	-283.994
-8.92055	-130.1
7.78059	-286.077
-26.0689	-137.291
39.3998	-83.968
-29.1386	-159.728
-22.4696	-174.347
-1.71605	-171.134
-25.6677	-168.242
25.5125	-137.28
-34.1149	-261.647
11.0472	-174.342
-24.5293	-128.208
30.0586	-154.006
-5.09211	-277.273
-11.2108	-111.002
26.2947	-126.494
-30.9555	-68.495
-6.18356	-281.494
-10.7846	-79.6178
20.6287	-74.2854
-23.3607	-118.056
28.6605	-211.172
-6.22959	-293.701
-13.9558	-56.9082
-27.9072	-268.818
-16.0414	-238.705
34.2203	-246.45
-11.4938	-257.194
-38.1037	-170.645
-9.42758	-85.3891
-8.54483	-203.474
34.1714	-259.037
26.6764	-215.672
-23.7167	-266.763
29.2771	-257.33
36.8493	-121.692
-38.1352	-129.698
-34.2109	-161.361
13.7215	-94.0867
7.62018	-135.758
-20.7465	-258.498
0.93251	-165.626
13.9737	-254.743
-31.7921	-291.357
26.732	-261.019
32.6601	-189.432
21.6368	-88.5252
-1.4028	-56.7706
38.61	-156.39
27.2033	-66.0075
-30.7487	-151.373
-3.43752	-185.369
-37.6027	-174.219
-2.88283	-44.0332
-15.9825	-65.8962
11.1003	-194.416
23.7079	-123.992
27.6338	-96.4609
-34.9989	-88.1297
-39.7108	-236.322
-36.3728	-61.5961
9.8165	-118.888
-30.7112	-232.352
32.0147	-56.3058
34.1588	-172.282
-14.7602	-241.207
-37.0713	-255.573
-26.4233	-105.81
-39.4279	-108.887
-31.4909	-231.756
8.31015	-99.6908
-4.54228	-252.117
-12.5954	-100.018
24.7827	-199.733
32.3055	-56.7747
-7.10393	-132.735
13.1853	-222.385
25.1166	-90.0534
-17.7158	-35.3642
-14.6158	-108.697
32.1414	-96.6781
-8.69249	-93.0026
-14.918	-262.722
17.817	-76.3718
-8.97884	-281.021
18.4815	-118.274
-3.25682	-49.3515
-25.95	-200.251
-3.49097	-42.9401
-5.72529	-270.73
18.5691	-182.417
-14.5377	-33.9166
-11.1923	-251.393
-28.0293	-183.796
23.0296	-173.752
-31.0112	-236.95
0.830883	-79.8993
2.28812	-257.964
-15.5976	-299.302
10.5893	-191.028
-3.85144	-54.186
-32.0414	-35.3506
4.95306	-173.425
-2.75851	-145.182
12.2358	-137.829
-32.4066	-205.3
24.0898	-33.8574
-4.23783	-149.916
4.77738	-71.5516
27.1706	-48.7356
24.6221	-80.1487
-19.1656	-152.621
12.7288	-77.2946
-8.9117	-270.739
21.8959	-131.965
33.8834	-278.588
13.2706	-192.927
17.6832	-173.105
39.1642	-205.037
-24.6204	-137.91
6.84826	-283.78
34.1774	-261.285
26.4817	-174.309
-15.0043	-116.783
-39.3996	-183.593
16.0189	-101.571
-33.7813	-291.184
-31.9027	-108.181
-7.44466	-158.12
-39.9212	-207.955
-16.593	-61.9946
-22.5571	-61.4035
-17.7528	-67.4262
-12.9669	-269.827
16.3522	-241.347
-6.22904	-111.126
15.3923	-72.4222
-25.4221	-157.047
4.26717	-210.085
31.4368	-92.4204
33.0355	-254.773
-4.3103	-295.016
-25.8577	-166.181
10.2276	-279.999
2.38438	-185.54
-36.9946	-56.7138
-22.7782	-178.438
-29.4985	-207.701
-12.6819	-194.467
-18.6504	-192.994
39.8555	-184.844
19.1591	-262.628
33.4777	-165.977
30.1734	-287.004
7.83853	-191.099
20.1579	-59.5957
15.036	-186.754
-33.7635	-68.0602
10.5737	-220.123
17.7493	-226.235
22.7438	-202.046
18.714	-200.557
27.1013	-72.1828
-38.7895	-187.221
14.445	-179.209
-2.90254	-230.195
-39.4514	-56.5665
8.85034	-222.41
33.402	-132.387
23.7327	-64.4828
-9.93092	-206.302
-19.4049	-164.549
-18.0086	-53.6335
-6.34443	-126.724
-18.1213	-293.098
15.3353	-134.28
-8.06939	-257.168
-20.8799	-249.984
35.8624	-213.109
-3.14058	-113.437
-20.06	-258.038
10.1574	-77.6377
36.1468	-242.871
8.21872	-175.9
14.5753	-88.8614
8.0234	-288.431
-3.85431	-39.433
0.855011	-263.691
-12.6252	-198.665
-11.5794	-52.7394
-4.34222	-269.799
-9.00644	-261.309
26.4623	-275.084
38.0617	-276.45
0.950691	-195.135
-29.1795	-272.762
-9.73228	-144.762
1.25282	-251.122
39.3973	-231.647
23.4765	-142.941
-30.0039	-191.491
-28.8155	-174.989
-30.6769	-149.574
-19.4628	-135.744
-25.8928	-267.08
-17.3629	-273.808
4.95741	-87.245
37.2169	-173.973
-26.8762	-255.623
-20.7752	-143.266
37.6441	-61.5646
-5.52189	-199.584
-13.313	-201.009
2.2966	-231.548
5.30486	-244.213
-19.6354	-158.191
-31.0257	-236.896
30.575	-126.258
30.2434	-287.575
9.3494	-222.355
15.6142	-158.183
6.76884	-65.953
23.7216	-104.57
-26.0858	-157.678
-4.35551	-152.701
-5.72174	-107.87
20.4139	-174.899
16.0724	-83.3796
-22.3774	-178.095
-25.0486	-254.184
37.9105	-207.836
-9.02335	-164.978
13.077	-180.263
26.3781	-281.929
20.6171	-73.3434
-31.4377	-254.118
23.4719	-92.511
-8.45429	-277.889
1.52953	-127.07
-8.93345	-211.376
-3.95626	-140.146
2.0094	-81.0427
28.9093	-256.735
-24.8974	-231.302
-31.1209	-175.062
37.8876	-126.569
-32.4579	-47.4064
-7.19098	-73.6995
10.3457	-248.615
-7.09649	-161.168
32.2147	-54.73
-21.9106	-263.575
6.4999	-101.371
-9.00336	-166.648
19.7736	-34.9664
34.2918	-124.538
-10.5589	-257.069
-13.8889	-37.5206
26.7503	-60.6737
-12.4778	-107.708
-16.6751	-253.097
-7.14956	-105.712
15.1038	-147.036
27.3225	-63.4862
33.2849	-199.057
3.76747	-175.277
34.7131	-126.51
-6.84974	-202.052
-34.8523	-41.2387
23.3251	-76.6584
-26.9675	-191.131
-15.9903	-78.5617
4.63388	-118.162
-34.8675	-128.587
30.6176	-37.6893
-32.3752	-213.247
-24.9691	-180.177
9.41473	-153.201
-8.4582	-214.392
30.4531	-75.0299
24.4561	-267.382
-12.1809	-88.3873
-27.1712	-182.628
39.4027	-207.299
28.0968	-44.0667
-9.17521	-61.3781
-32.0872	-56.6404
36.2415	-291.452
2.45969	-132.414
2.0869	-53.9455
-11.0816	-78.3236
5.0633	-42.9259
-26.7898	-256.227
34.1283	-288.76
25.2341	-52.7195
28.0645	-201.825
6.90604	-100.113
16.324	-139.573
30.4558	-174.87
-3.37622	-250.178
-1.71326	-144.771
35.5116	-208.013
29.9582	-144.914
-28.8043	-61.2993
-12.4362	-55.1238
27.4118	-222.136
-14.9504	-282.4
22.2162	-257.931
14.4721	-180.863
3.94724	-44.4854
-6.30981	-278.927
36.0351	-228.395
17.9338	-284.486
-24.8172	-249.887
13.0566	-237.66
6.22455	-184.377
26.0943	-279.267
3.68626	-299.765
-13.3948	-109.876
-33.1215	-158.202
15.0389	-231.269
-29.3608	-86.2495
-17.7634	-123.028
-1.21448	-147.356
-18.7893	-85.0988
-17.4612	-77.6017
24.6629	-264.542
-1.83783	-281.539
-37.0087	-73.7655
1.70301	-199.664
-15.8134	-287.657
25.9316	-90.0721
-16.6466	-118.662
26.9382	-100.931
-6.05138	-110.302
-0.931782	-237.503
12.3905	-215.734
-21.9667	-271.658
39.507	-288.065
19.8509	-262.182
-8.06875	-241.462
